06001	1	1	53403	55713	50403	50675	50199
06001	1	2	46432	50315	53438	44239	48226
06001	1	3	40958	45184	49772	49438	46511
06001	1	4	43372	41567	47795	48551	51294
06001	1	5	56916	48823	51853	51016	54690
06001	1	6	64469	58888	58749	55373	56266
06001	1	7	65390	66418	62900	56495	56511
06001	1	8	58245	61899	64155	58007	56955
06001	1	9	51266	53461	60289	58407	56139
06001	1	10	37379	44337	52214	55553	56163
06001	1	11	28418	33594	46080	48247	53623
06001	1	12	23382	25042	31817	41292	45805
06001	1	13	21506	20134	22811	27483	37886
06001	1	14	20010	18870	17991	19279	24740
06001	1	15	14755	16136	15538	15300	17205
06001	1	16	10493	11657	13064	12372	12673
06001	1	17	5925	7028	8034	9161	9232
06001	1	18	3794	4656	5740	6589	8395
06001	2	1	51018	53283	48159	48508	47347
06001	2	2	44612	48106	50833	42594	46488
06001	2	3	39552	43469	47626	46883	44751
06001	2	4	40623	38957	45119	46015	48828
06001	2	5	50745	44687	50211	49191	52665
06001	2	6	61179	57970	58114	56064	57342
06001	2	7	63646	64592	61768	56725	58581
06001	2	8	58378	61617	64357	58499	58092
06001	2	9	52735	54468	60535	59449	56410
06001	2	10	37707	45930	55017	56483	57889
06001	2	11	28689	34896	48957	50945	55267
06001	2	12	24637	26417	33836	44627	49297
06001	2	13	25023	22869	25159	30140	41789
06001	2	14	24975	23287	21390	22502	28302
06001	2	15	19916	21625	20757	19141	20821
06001	2	16	16082	16971	18911	17512	16611
06001	2	17	10567	12140	13312	14761	14312
06001	2	18	9969	11542	13136	14029	16647

06003	1	1	38	37	32	30	37
06003	1	2	52	51	33	23	31
06003	1	3	35	34	34	33	24
06003	1	4	26	33	47	36	39
06003	1	5	48	51	48	38	25
06003	1	6	50	44	36	26	22
06003	1	7	45	44	33	30	15
06003	1	8	76	77	49	44	37
06003	1	9	48	58	62	36	43
06003	1	10	38	60	71	80	47
06003	1	11	34	52	65	75	57
06003	1	12	31	30	25	58	68
06003	1	13	28	33	37	37	59
06003	1	14	19	23	24	33	35
06003	1	15	7	15	16	17	17
06003	1	16	12	14	12	19	20
06003	1	17	2	1	4	5	6
06003	1	18	0	0	8	5	3
06003	2	1	43	41	28	33	40
06003	2	2	54	46	36	40	43
06003	2	3	30	44	43	43	47
06003	2	4	28	36	48	38	37
06003	2	5	33	30	31	23	17
06003	2	6	48	40	30	34	31
06003	2	7	55	57	36	35	24
06003	2	8	33	47	41	26	22
06003	2	9	53	63	59	55	43
06003	2	10	17	37	56	59	54
06003	2	11	43	45	47	55	52
06003	2	12	23	27	35	44	53
06003	2	13	21	27	29	35	54
06003	2	14	13	16	20	30	23
06003	2	15	6	11	11	16	22
06003	2	16	7	9	8	12	7
06003	2	17	5	7	10	11	8
06003	2	18	5	6	5	5	1

06005	1	1	782	893	736	716	697
06005	1	2	864	986	985	918	815
06005	1	3	869	1072	1135	1076	940
06005	1	4	1156	1489	1777	1675	1340
06005	1	5	1714	1203	961	1073	999
06005	1	6	1599	1258	1020	1058	1068
06005	1	7	1566	1515	1231	1205	1190
06005	1	8	1495	1696	1612	1455	1256
06005	1	9	1273	1523	1725	1719	1566
06005	1	10	939	1308	1527	1809	1837
06005	1	11	722	1046	1476	1679	1785
06005	1	12	707	853	1127	1682	1734
06005	1	13	872	893	996	1340	1716
06005	1	14	910	906	870	1075	1300
06005	1	15	706	862	861	805	954
06005	1	16	454	562	662	651	645
06005	1	17	244	329	408	483	501
06005	1	18	144	177	212	325	396
06005	2	1	777	894	748	720	730
06005	2	2	870	931	861	891	827
06005	2	3	779	978	1067	1031	947
06005	2	4	622	724	891	1071	937
06005	2	5	466	425	509	685	646
06005	2	6	717	637	554	612	714
06005	2	7	934	888	667	738	678
06005	2	8	1069	1185	1110	824	772
06005	2	9	982	1123	1224	1244	902
06005	2	10	794	1149	1355	1374	1262
06005	2	11	741	1010	1333	1576	1454
06005	2	12	735	852	1085	1624	1671
06005	2	13	928	946	1051	1263	1699
06005	2	14	958	919	849	1043	1235
06005	2	15	723	891	876	783	964
06005	2	16	536	627	739	724	663
06005	2	17	360	425	468	583	592
06005	2	18	295	374	445	510	610

06007	1	1	6750	7376	6030	5920	6209
06007	1	2	6807	7226	6929	6351	6315
06007	1	3	6054	7212	7673	7279	6618
06007	1	4	6490	7132	8710	9597	9101
06007	1	5	9688	8935	10159	12849	11923
06007	1	6	6803	6630	6406	5739	7839
06007	1	7	6485	6637	5580	6286	6256
06007	1	8	6524	6906	6300	5638	5817
06007	1	9	6075	6537	6936	6716	5966
06007	1	10	4350	5943	6943	7245	6652
06007	1	11	3353	4573	6317	7239	7408
06007	1	12	3188	3639	4646	6674	7364
06007	1	13	3788	3556	3708	4848	6691
06007	1	14	4414	3917	3469	3756	4669
06007	1	15	3880	3943	3416	3131	3429
06007	1	16	2868	3038	3142	2924	2679
06007	1	17	1526	1847	2120	2234	2056
06007	1	18	985	1186	1442	1753	1973
06007	2	1	6341	6905	5608	5666	6145
06007	2	2	6411	6761	6470	5863	6103
06007	2	3	5676	6702	7095	6857	6296
06007	2	4	6399	6915	8518	9201	8628
06007	2	5	8745	8080	9603	11815	10929
06007	2	6	6317	6041	5571	4931	6911
06007	2	7	6782	6772	5561	5838	5777
06007	2	8	6791	7215	6675	5825	5572
06007	2	9	5950	6709	7341	6933	5880
06007	2	10	4444	6169	7318	7563	7134
06007	2	11	3693	4874	6454	7565	7636
06007	2	12	3670	4023	4937	6909	7956
06007	2	13	4582	4189	4283	5298	7037
06007	2	14	5302	4605	3951	4338	5183
06007	2	15	4741	4947	4301	3670	3974
06007	2	16	3631	3865	4283	3725	3231
06007	2	17	2280	2745	3112	3354	2984
06007	2	18	1869	2333	2800	3222	3731

06009	1	1	1141	1226	938	1024	996
06009	1	2	1253	1373	1280	1264	1146
06009	1	3	1230	1508	1599	1627	1424
06009	1	4	964	1172	1488	1671	1582
06009	1	5	563	587	720	1023	997
06009	1	6	783	757	705	845	975
06009	1	7	1157	1116	852	921	899
06009	1	8	1319	1422	1250	1139	996
06009	1	9	1281	1483	1601	1594	1249
06009	1	10	1034	1450	1655	1878	1673
06009	1	11	865	1242	1710	1914	2021
06009	1	12	899	1094	1423	2015	2031
06009	1	13	993	1140	1373	1756	2109
06009	1	14	1062	1147	1237	1388	1673
06009	1	15	795	965	993	1086	1267
06009	1	16	486	588	706	748	845
06009	1	17	237	323	420	454	529
06009	1	18	109	153	217	299	368
06009	2	1	1072	1132	862	906	984
06009	2	2	1152	1285	1230	1193	1081
06009	2	3	1096	1393	1511	1512	1336
06009	2	4	819	963	1189	1444	1286
06009	2	5	550	547	693	879	889
06009	2	6	875	787	679	821	877
06009	2	7	1290	1213	907	916	893
06009	2	8	1389	1536	1391	1182	995
06009	2	9	1239	1519	1709	1644	1328
06009	2	10	1010	1483	1787	2002	1725
06009	2	11	909	1284	1731	2115	2108
06009	2	12	902	1135	1522	2029	2203
06009	2	13	1078	1204	1419	1749	2134
06009	2	14	1055	1085	1098	1363	1637
06009	2	15	812	980	991	996	1230
06009	2	16	540	632	777	775	830
06009	2	17	313	420	543	552	565
06009	2	18	270	356	439	571	609

06011	1	1	719	833	754	899	980
06011	1	2	764	768	786	776	915
06011	1	3	729	813	872	884	897
06011	1	4	689	763	959	986	972
06011	1	5	559	561	690	755	694
06011	1	6	617	615	604	631	735
06011	1	7	677	714	660	630	674
06011	1	8	662	679	642	691	660
06011	1	9	581	631	706	729	706
06011	1	10	410	538	643	698	701
06011	1	11	379	438	549	686	719
06011	1	12	329	334	392	562	648
06011	1	13	345	325	357	416	567
06011	1	14	311	299	281	363	400
06011	1	15	272	274	242	277	285
06011	1	16	157	176	197	218	202
06011	1	17	88	111	136	169	161
06011	1	18	69	78	93	115	126
06011	2	1	688	816	760	791	855
06011	2	2	724	775	822	803	818
06011	2	3	700	787	829	865	812
06011	2	4	535	634	816	779	814
06011	2	5	452	450	567	637	588
06011	2	6	517	518	538	632	713
06011	2	7	671	668	580	614	667
06011	2	8	577	636	659	670	668
06011	2	9	504	580	694	687	647
06011	2	10	411	522	615	697	654
06011	2	11	331	378	454	638	701
06011	2	12	352	353	416	495	655
06011	2	13	355	302	300	429	519
06011	2	14	373	335	294	323	409
06011	2	15	305	329	301	298	275
06011	2	16	222	238	264	277	219
06011	2	17	153	173	183	217	194
06011	2	18	108	140	162	203	224

06013	1	1	32794	36845	33782	34170	34070
06013	1	2	30180	34182	37368	34793	37138
06013	1	3	27846	32783	37215	39168	38171
06013	1	4	26242	27163	32791	36751	38119
06013	1	5	26695	23541	26172	29547	30951
06013	1	6	33146	29641	28547	29050	32424
06013	1	7	36546	37268	34157	31417	31847
06013	1	8	35109	38688	39951	36730	34198
06013	1	9	33658	35851	40189	40901	38139
06013	1	10	26435	31861	36227	40011	40730
06013	1	11	20336	24661	33144	34901	39047
06013	1	12	16357	18230	23985	30721	33527
06013	1	13	14878	14739	17299	21090	28383
06013	1	14	13673	13597	13276	15129	19344
06013	1	15	9822	11512	11439	11671	13641
06013	1	16	6677	8224	9821	9374	9781
06013	1	17	3614	4793	5980	7334	7242
06013	1	18	2235	3039	4074	5242	6701
06013	2	1	31099	35151	32453	32706	33093
06013	2	2	28834	32570	35482	33557	35456
06013	2	3	26417	31051	35276	37001	36513
06013	2	4	24316	24984	30613	34135	35526
06013	2	5	25455	21991	25016	28046	29299
06013	2	6	33806	30314	28552	29296	32485
06013	2	7	37663	38394	35285	32230	33460
06013	2	8	36785	40403	42018	38558	36188
06013	2	9	35714	37881	41956	43185	40205
06013	2	10	27013	33246	38476	41752	43234
06013	2	11	20391	25567	35393	37449	41375
06013	2	12	16968	19004	25137	33240	36327
06013	2	13	16787	16179	18566	23328	31663
06013	2	14	16583	16244	15388	17139	22261
06013	2	15	12905	15024	14697	14213	16004
06013	2	16	9995	11641	13966	12951	12630
06013	2	17	6699	8378	9743	11454	10790
06013	2	18	5644	7435	9376	10773	12865

06015	1	1	990	1026	765	749	848
06015	1	2	1048	1087	916	818	828
06015	1	3	958	1133	1100	1002	882
06015	1	4	799	965	1104	1080	989
06015	1	5	1036	1115	946	1194	1112
06015	1	6	1487	1673	1338	1285	1360
06015	1	7	1295	1663	1337	1291	1355
06015	1	8	1030	1484	1540	1338	1277
06015	1	9	881	1190	1325	1350	1184
06015	1	10	611	959	1139	1199	1243
06015	1	11	507	714	927	1168	1169
06015	1	12	459	525	612	885	1007
06015	1	13	474	468	494	665	908
06015	1	14	517	489	450	482	616
06015	1	15	405	460	433	408	413
06015	1	16	288	326	365	369	333
06015	1	17	137	177	205	250	231
06015	1	18	68	96	128	143	172
06015	2	1	870	943	765	759	847
06015	2	2	1008	1071	924	777	743
06015	2	3	863	1020	1018	945	847
06015	2	4	637	767	957	905	873
06015	2	5	555	534	601	696	685
06015	2	6	797	692	562	613	732
06015	2	7	933	918	693	633	656
06015	2	8	838	983	932	724	650
06015	2	9	731	920	1033	937	716
06015	2	10	585	813	907	1063	945
06015	2	11	535	680	801	998	1074
06015	2	12	487	553	655	875	977
06015	2	13	528	538	573	681	846
06015	2	14	519	533	522	546	634
06015	2	15	459	500	440	518	499
06015	2	16	333	360	395	381	402
06015	2	17	182	236	286	306	292
06015	2	18	136	191	252	248	287

06017	1	1	4972	5612	4694	4979	4862
06017	1	2	5374	5868	5896	5764	5670
06017	1	3	4773	5914	6620	6872	6406
06017	1	4	4016	4659	5907	6735	6517
06017	1	5	3145	3032	3677	4577	4915
06017	1	6	4132	3827	3564	3906	4562
06017	1	7	5808	5477	4301	4430	4337
06017	1	8	6292	6601	6072	5637	4918
06017	1	9	5993	6630	7301	7390	5965
06017	1	10	4067	5865	7300	8008	7481
06017	1	11	2913	4266	6370	7613	8311
06017	1	12	2709	3222	4346	6581	7533
06017	1	13	2836	2911	3357	4603	6593
06017	1	14	2739	2931	2924	3364	4546
06017	1	15	2026	2505	2477	2748	3163
06017	1	16	1248	1597	1874	2054	2290
06017	1	17	638	890	1123	1330	1436
06017	1	18	322	458	614	922	1174
06017	2	1	4860	5281	4280	4889	4630
06017	2	2	5014	5494	5562	5420	5458
06017	2	3	4566	5661	6381	6570	6096
06017	2	4	3543	4177	5470	6230	5934
06017	2	5	2767	2631	3176	3979	4074
06017	2	6	4508	3858	3308	3630	4157
06017	2	7	6160	5754	4497	4420	4294
06017	2	8	6451	6982	6678	5874	4992
06017	2	9	5413	6560	7815	7632	6226
06017	2	10	3866	5727	7257	8363	7955
06017	2	11	2898	4156	6036	7509	8524
06017	2	12	2774	3274	4376	6476	7679
06017	2	13	3029	3011	3380	4673	6499
06017	2	14	2924	3067	2975	3301	4646
06017	2	15	2131	2688	2656	2736	3153
06017	2	16	1481	1839	2237	2328	2354
06017	2	17	901	1224	1481	1812	1879
06017	2	18	663	925	1180	1648	1965

06019	1	1	33938	39498	34611	37778	40483
06019	1	2	32303	36081	38006	34933	38315
06019	1	3	28476	33996	37020	40205	38591
06019	1	4	26327	29611	36288	38943	41834
06019	1	5	28545	27509	32343	37788	38820
06019	1	6	29285	29964	29359	33459	36227
06019	1	7	28101	30907	28909	29030	31952
06019	1	8	25234	28991	29912	28825	29003
06019	1	9	21683	25102	28599	29920	28750
06019	1	10	16267	21207	25087	28394	29468
06019	1	11	12600	15963	21133	25021	28062
06019	1	12	11085	12335	15201	20640	24069
06019	1	13	10918	10776	11794	14659	19701
06019	1	14	10454	10230	9786	11169	13683
06019	1	15	7656	8867	8695	8590	9732
06019	1	16	5508	6340	7308	7256	7161
06019	1	17	3197	3818	4370	5479	5551
06019	1	18	2038	2547	3159	3761	4922
06019	2	1	32488	37757	33216	36192	38521
06019	2	2	30677	34353	36259	33889	37029
06019	2	3	26781	32265	35252	38540	37081
06019	2	4	24178	27322	33568	36455	39368
06019	2	5	26141	25257	29319	34834	36808
06019	2	6	28465	28024	26797	31429	34303
06019	2	7	28146	29689	26627	27726	30577
06019	2	8	25313	28796	29408	27958	28624
06019	2	9	21674	24956	28028	29964	28063
06019	2	10	16342	21436	25264	28399	29596
06019	2	11	13094	16413	21356	25498	28239
06019	2	12	12285	13234	15840	21274	25131
06019	2	13	12648	11965	12694	15701	20670
06019	2	14	12495	12254	11555	12320	15047
06019	2	15	9837	11355	11118	10844	11349
06019	2	16	7900	8690	9987	9923	9557
06019	2	17	5412	6276	6818	8320	8115
06019	2	18	4811	5750	6602	7354	8846

06021	1	1	1131	1252	1042	1073	1106
06021	1	2	1160	1185	1145	1060	1053
06021	1	3	1047	1195	1244	1168	1171
06021	1	4	959	1017	1196	1211	1125
06021	1	5	796	723	823	969	916
06021	1	6	916	859	777	827	967
06021	1	7	1000	995	863	798	855
06021	1	8	1016	1060	987	919	815
06021	1	9	772	855	947	973	873
06021	1	10	620	807	925	942	940
06021	1	11	550	631	758	927	964
06021	1	12	475	506	616	800	945
06021	1	13	499	465	494	607	747
06021	1	14	514	469	414	460	597
06021	1	15	411	458	425	376	423
06021	1	16	303	317	329	342	305
06021	1	17	159	180	199	239	224
06021	1	18	114	133	152	164	182
06021	2	1	1074	1152	952	1084	1054
06021	2	2	1123	1131	1094	1000	1060
06021	2	3	1040	1145	1178	1098	1070
06021	2	4	814	867	1022	1075	1033
06021	2	5	678	629	745	835	841
06021	2	6	836	789	765	796	861
06021	2	7	1003	969	793	787	838
06021	2	8	906	980	961	807	810
06021	2	9	761	851	959	977	845
06021	2	10	620	743	808	954	957
06021	2	11	563	622	725	860	963
06021	2	12	518	532	629	755	875
06021	2	13	570	509	519	604	705
06021	2	14	601	544	480	493	570
06021	2	15	456	513	476	463	459
06021	2	16	406	405	414	356	367
06021	2	17	267	279	274	313	286
06021	2	18	241	273	286	281	327

06023	1	1	4557	4656	3654	3733	3956
06023	1	2	4892	4778	4066	3693	3703
06023	1	3	4319	4691	4470	4035	3722
06023	1	4	4269	4464	5050	5273	4787
06023	1	5	4783	4738	5682	6438	6075
06023	1	6	4787	4722	4620	4485	5699
06023	1	7	5009	4793	3711	4622	4927
06023	1	8	5323	5198	4350	3769	4289
06023	1	9	4830	4849	4753	4380	3698
06023	1	10	3280	4534	5221	4830	4382
06023	1	11	2575	3500	4698	5202	4851
06023	1	12	2173	2495	3130	4650	5088
06023	1	13	2296	2237	2402	3019	4582
06023	1	14	2239	2102	1904	2241	2790
06023	1	15	1752	1950	1783	1721	1898
06023	1	16	1295	1433	1511	1443	1335
06023	1	17	666	808	917	1070	1024
06023	1	18	410	509	620	725	861
06023	2	1	4406	4457	3456	3527	3761
06023	2	2	4631	4496	3786	3496	3625
06023	2	3	4094	4500	4353	3834	3526
06023	2	4	4017	4245	5005	5154	4704
06023	2	5	4514	4510	5593	6607	5817
06023	2	6	4580	4403	4015	4008	5066
06023	2	7	5232	4844	3612	4078	4385
06023	2	8	5381	5231	4396	3524	3642
06023	2	9	4623	4942	5069	4339	3381
06023	2	10	3088	4426	5273	5118	4354
06023	2	11	2510	3467	4695	5333	5140
06023	2	12	2360	2612	3167	4747	5313
06023	2	13	2535	2354	2420	3174	4534
06023	2	14	2549	2408	2187	2336	2932
06023	2	15	2059	2319	2124	2012	2100
06023	2	16	1693	1823	2002	1822	1700
06023	2	17	1109	1274	1373	1555	1427
06023	2	18	910	1159	1394	1504	1720

06025	1	1	5380	6682	5594	6628	6883
06025	1	2	5596	6349	6479	5551	7070
06025	1	3	5544	6610	6722	7424	7636
06025	1	4	5006	5942	6448	7235	7735
06025	1	5	3726	5046	5530	7037	7279
06025	1	6	4014	6088	5842	6478	7045
06025	1	7	4270	6520	6069	5991	6578
06025	1	8	3857	5896	6278	6023	6070
06025	1	9	3210	4765	5725	5933	6081
06025	1	10	2296	3636	4647	5331	5760
06025	1	11	2206	2923	3631	4497	5562
06025	1	12	2055	2292	2462	3519	4476
06025	1	13	2215	2223	2249	2358	3570
06025	1	14	1976	2042	1949	2292	2468
06025	1	15	1425	1875	1994	1813	2110
06025	1	16	964	1123	1388	1692	1630
06025	1	17	540	656	763	959	1261
06025	1	18	335	409	476	569	820
06025	2	1	5178	6348	5276	6312	6654
06025	2	2	5257	6059	6218	5373	6838
06025	2	3	5320	6435	6607	6956	6973
06025	2	4	4851	5508	5884	6696	7328
06025	2	5	3764	3830	4098	5201	5983
06025	2	6	4252	4567	4278	4468	5466
06025	2	7	4631	5280	4642	4723	5143
06025	2	8	4155	5147	5201	4967	5304
06025	2	9	3409	4473	5178	5372	5526
06025	2	10	2636	3652	4433	5257	5688
06025	2	11	2339	2925	3524	4516	5607
06025	2	12	2250	2431	2691	3636	4827
06025	2	13	2374	2329	2385	2728	3902
06025	2	14	2107	2268	2266	2436	2937
06025	2	15	1526	1945	2185	2163	2322
06025	2	16	1030	1265	1638	1870	1988
06025	2	17	683	845	926	1269	1496
06025	2	18	462	602	734	840	1218

06027	1	1	643	627	488	486	554
06027	1	2	675	669	584	496	525
06027	1	3	600	683	704	666	588
06027	1	4	500	539	631	626	560
06027	1	5	373	318	320	468	466
06027	1	6	524	405	328	444	522
06027	1	7	706	582	425	426	517
06027	1	8	775	700	566	509	507
06027	1	9	711	742	767	654	492
06027	1	10	540	714	793	783	668
06027	1	11	493	558	644	786	825
06027	1	12	451	473	552	672	807
06027	1	13	522	463	464	557	685
06027	1	14	483	453	416	456	526
06027	1	15	421	456	414	413	397
06027	1	16	309	323	328	377	312
06027	1	17	144	173	192	225	215
06027	1	18	88	115	149	176	194
06027	2	1	606	583	468	432	506
06027	2	2	694	687	587	483	452
06027	2	3	654	696	661	666	549
06027	2	4	470	500	601	590	541
06027	2	5	322	302	344	399	392
06027	2	6	522	403	323	420	523
06027	2	7	676	586	431	410	453
06027	2	8	749	748	657	511	460
06027	2	9	670	705	718	652	504
06027	2	10	562	718	799	745	689
06027	2	11	449	545	675	791	768
06027	2	12	480	479	540	650	775
06027	2	13	534	444	423	540	663
06027	2	14	567	530	485	406	509
06027	2	15	474	530	493	478	387
06027	2	16	362	379	408	419	356
06027	2	17	266	295	308	311	299
06027	2	18	257	272	269	355	327

06029	1	1	28203	32714	28607	33422	37014
06029	1	2	26506	30051	31567	31231	35200
06029	1	3	22993	27692	30577	35456	35019
06029	1	4	20414	23324	28950	33709	37832
06029	1	5	21298	21587	25870	32656	36047
06029	1	6	25653	26074	24820	29633	35021
06029	1	7	26321	28736	25709	27956	31728
06029	1	8	22282	26812	27956	27723	28822
06029	1	9	17882	22260	26707	28783	28618
06029	1	10	13644	18445	22064	27364	29001
06029	1	11	10823	13527	17422	22615	27109
06029	1	12	9618	10672	13118	17669	21890
06029	1	13	9253	9267	10242	13212	16977
06029	1	14	8439	8621	8575	10031	12151
06029	1	15	6274	7384	7318	7811	8808
06029	1	16	4399	5033	5673	5839	6080
06029	1	17	2405	2907	3333	3877	4127
06029	1	18	1305	1691	2149	2490	3062
06029	2	1	27078	31262	27237	32138	36003
06029	2	2	25334	28544	29867	29613	33831
06029	2	3	21681	26352	29330	33591	33679
06029	2	4	18817	21429	26473	30713	34591
06029	2	5	19010	18245	21390	26747	29595
06029	2	6	23521	22423	20895	25335	28697
06029	2	7	23953	24887	21838	23870	26963
06029	2	8	20750	24088	24822	24512	25658
06029	2	9	17280	20800	24320	26657	25446
06029	2	10	13278	17516	20522	25443	26873
06029	2	11	10984	13521	17148	21447	25739
06029	2	12	9990	10922	13278	17979	21611
06029	2	13	10198	9936	10777	13642	17438
06029	2	14	9800	9844	9531	10845	13055
06029	2	15	7639	9012	8922	9021	9747
06029	2	16	5967	6558	7490	7525	7474
06029	2	17	3730	4470	4954	5643	5816
06029	2	18	2813	3595	4352	4528	5485

06031	1	1	5107	5982	5377	6038	6517
06031	1	2	4724	5240	5575	5430	5924
06031	1	3	4133	4856	5363	5780	5772
06031	1	4	3895	4270	5417	5915	5953
06031	1	5	6239	5687	7215	8419	7936
06031	1	6	6833	6664	7471	8206	8280
06031	1	7	5762	6707	7558	7763	7458
06031	1	8	4653	6009	7668	7338	6949
06031	1	9	3258	4368	6327	6966	6707
06031	1	10	2377	3425	4836	5954	6674
06031	1	11	1778	2300	3324	4704	5568
06031	1	12	1496	1747	2366	3306	4219
06031	1	13	1431	1490	1785	2328	2964
06031	1	14	1200	1281	1343	1699	2011
06031	1	15	913	1101	1119	1189	1417
06031	1	16	635	738	860	966	996
06031	1	17	372	437	488	597	646
06031	1	18	209	281	369	416	490
06031	2	1	4758	5586	5080	5720	6317
06031	2	2	4451	4997	5309	5191	5660
06031	2	3	3941	4552	4941	5622	5587
06031	2	4	3293	3710	4633	5006	5393
06031	2	5	3663	3403	4057	5063	5238
06031	2	6	4494	4121	3959	4683	5141
06031	2	7	4320	4429	4067	4356	4743
06031	2	8	3469	3935	4199	4112	4200
06031	2	9	2880	3362	3982	4238	3998
06031	2	10	2194	2729	3158	4108	4224
06031	2	11	1797	2162	2772	3135	3833
06031	2	12	1605	1680	2033	2814	3146
06031	2	13	1490	1515	1759	2034	2693
06031	2	14	1377	1467	1495	1714	1871
06031	2	15	1186	1344	1322	1435	1573
06031	2	16	945	987	1094	1234	1262
06031	2	17	560	690	788	847	912
06031	2	18	447	588	726	821	902

06033	1	1	1795	1964	1594	1768	1864
06033	1	2	1920	2146	2094	1856	1851
06033	1	3	1816	2161	2263	2426	2050
06033	1	4	1361	1606	1985	2290	2180
06033	1	5	982	1006	1260	1600	1754
06033	1	6	1386	1271	1154	1523	1774
06033	1	7	1694	1761	1476	1504	1719
06033	1	8	1912	2028	1837	1888	1590
06033	1	9	1839	2061	2236	2171	1927
06033	1	10	1281	1840	2210	2561	2285
06033	1	11	1123	1616	2289	2606	2747
06033	1	12	1165	1367	1748	2618	2677
06033	1	13	1461	1441	1541	1948	2657
06033	1	14	1819	1688	1533	1520	1869
06033	1	15	1563	1635	1437	1349	1378
06033	1	16	1106	1143	1136	1008	987
06033	1	17	534	635	724	638	666
06033	1	18	289	346	410	491	548
06033	2	1	1802	1889	1505	1668	1764
06033	2	2	1771	1932	1854	1778	1731
06033	2	3	1649	2027	2213	2126	1849
06033	2	4	1224	1424	1798	2196	1997
06033	2	5	1015	936	1114	1451	1628
06033	2	6	1450	1356	1238	1456	1592
06033	2	7	1863	1872	1515	1572	1548
06033	2	8	1915	2126	2023	1868	1639
06033	2	9	1688	2040	2336	2312	1912
06033	2	10	1354	1938	2317	2695	2415
06033	2	11	1233	1653	2161	2705	2789
06033	2	12	1301	1480	1835	2462	2828
06033	2	13	1695	1594	1641	2002	2533
06033	2	14	1911	1739	1548	1655	1940
06033	2	15	1741	1800	1527	1260	1393
06033	2	16	1239	1248	1310	1183	1016
06033	2	17	731	839	896	819	829
06033	2	18	521	657	780	838	845

06035	1	1	958	1034	868	813	851
06035	1	2	1106	1130	1084	915	844
06035	1	3	1020	1145	1193	1119	936
06035	1	4	1013	1026	1290	1281	1200
06035	1	5	1790	1501	2168	2258	2198
06035	1	6	1973	1652	2283	2424	2634
06035	1	7	1791	1838	2378	2322	2333
06035	1	8	1474	1722	2367	2172	2021
06035	1	9	1218	1368	1921	1978	1931
06035	1	10	835	1133	1616	1746	1885
06035	1	11	537	768	1276	1461	1556
06035	1	12	544	576	741	1153	1258
06035	1	13	551	488	515	706	1007
06035	1	14	488	474	475	484	638
06035	1	15	379	406	396	429	411
06035	1	16	243	260	288	317	299
06035	1	17	159	170	186	203	207
06035	1	18	61	75	101	138	164
06035	2	1	894	956	813	708	747
06035	2	2	990	1012	956	888	738
06035	2	3	917	1029	1081	987	920
06035	2	4	797	815	962	1017	905
06035	2	5	612	536	609	618	622
06035	2	6	775	695	641	606	710
06035	2	7	952	916	763	733	656
06035	2	8	979	1040	1009	806	761
06035	2	9	882	946	1028	975	773
06035	2	10	609	841	1030	997	958
06035	2	11	538	686	918	1043	1025
06035	2	12	494	507	617	928	1024
06035	2	13	566	494	512	628	837
06035	2	14	552	478	430	464	558
06035	2	15	393	436	414	351	387
06035	2	16	251	287	353	338	282
06035	2	17	175	205	239	247	242
06035	2	18	150	180	198	235	287

06037	1	1		396919	429598	377608	357188	329742
06037	1	2		332563	367916	407505	343405	324297
06037	1	3		303741	338850	371946	394464	347486
06037	1	4		338680	319299	353149	374873	383903
06037	1	5		431050	348535	360912	372228	386399
06037	1	6		469646	427916	394572	393079	386080
06037	1	7		438030	445413	410574	377318	361077
06037	1	8		365079	390291	399239	386301	355243
06037	1	9		297190	321769	363049	376875	357666
06037	1	10		226537	266193	306330	343835	349215
06037	1	11		182282	201208	253694	291406	324470
06037	1	12		157543	157903	186627	236993	270586
06037	1	13		145753	133050	144934	167659	214203
06037	1	14		127716	120833	117291	127567	149070
06037	1	15	92368	102799	101738	101903	109945
06037	1	16	64626	71299	82360	83085	82447
06037	1	17	35669	41946	49073	59782	61259
06037	1	18	23463	28014	34308	41243	53411
06037	2	1		379957	409860	359606	341597	315101
06037	2	2		317799	352110	390443	326965	310596
06037	2	3		289849	323868	355535	378765	332066
06037	2	4		305739	295343	331027	354403	367546
06037	2	5		376047	322126	345699	354400	368205
06037	2	6		427472	398191	382616	383113	372204
06037	2	7		415360	422888	392697	373436	356411
06037	2	8		358749	381172	389913	379905	358044
06037	2	9		305262	328180	366781	376914	357525
06037	2	10		235000	277184	320751	353702	356297
06037	2	11		190200	214399	275449	310037	339905
06037	2	12		169512	171102	205007	261835	292784
06037	2	13		167183	150816	162892	189751	242248
06037	2	14		159236	149480	140901	150930	176114
06037	2	15		124868	135649	133344	129107	136309
06037	2	16	99896	103140	116625	116257	110541
06037	2	17	66756	73294	78566	91948	92143
06037	2	18	60417	67381	75430	84104	99882

06039	1	1	4025	5219	4952	5870	6067
06039	1	2	4169	4933	5400	5413	5936
06039	1	3	4070	4881	5225	6029	6117
06039	1	4	3615	4375	5483	5955	6516
06039	1	5	2947	3430	4219	5160	5580
06039	1	6	3024	3664	3828	4344	4863
06039	1	7	3411	4065	3813	4139	4551
06039	1	8	3390	3993	3990	4255	4371
06039	1	9	3236	3754	4148	4334	4337
06039	1	10	2417	3323	3835	4496	4471
06039	1	11	1878	2595	3526	4067	4397
06039	1	12	1804	2087	2610	3676	4027
06039	1	13	1751	1880	2180	2731	3640
06039	1	14	1876	1970	1981	2270	2730
06039	1	15	1295	1633	1728	1976	2057
06039	1	16	895	1108	1325	1454	1550
06039	1	17	512	619	712	965	993
06039	1	18	296	377	480	582	768
06039	2	1	3813	4893	4582	5651	5938
06039	2	2	3838	4627	5111	4995	5888
06039	2	3	3950	4703	4975	5566	5687
06039	2	4	3260	3878	4753	5292	5708
06039	2	5	2510	3010	4214	4968	5522
06039	2	6	3075	3792	4416	5115	5708
06039	2	7	3508	4506	4755	5214	5524
06039	2	8	3538	4717	5502	5350	5280
06039	2	9	2975	4060	5276	5481	5188
06039	2	10	2300	3474	4526	5280	5409
06039	2	11	1880	2605	3540	4553	5041
06039	2	12	1918	2218	2771	3845	4502
06039	2	13	1973	2012	2225	2967	3811
06039	2	14	2030	2102	2097	2387	2947
06039	2	15	1428	1805	1913	2067	2187
06039	2	16	1139	1317	1575	1668	1684
06039	2	17	757	896	991	1229	1238
06039	2	18	622	779	930	969	1175

06041	1	1	7364	7999	6732	7078	7109
06041	1	2	6461	7077	7366	6736	7935
06041	1	3	5835	6825	7423	7401	7156
06041	1	4	5885	5754	6489	6804	6734
06041	1	5	7198	5542	5493	5835	5730
06041	1	6	9623	8205	7444	5879	6478
06041	1	7	10972	10941	9548	7342	6637
06041	1	8	11387	11691	10942	9517	8190
06041	1	9	11619	11282	11343	10432	9999
06041	1	10	9310	10760	11273	10504	10368
06041	1	11	6640	8229	10836	10529	10195
06041	1	12	5386	6157	8209	9739	9931
06041	1	13	4860	4787	5457	7309	9114
06041	1	14	4355	4323	4208	4755	6819
06041	1	15	3304	3729	3556	3629	4302
06041	1	16	2129	2573	3008	2976	3121
06041	1	17	1229	1614	2011	2161	2286
06041	1	18	713	986	1365	1819	2214
06041	2	1	6910	7678	6618	6829	6819
06041	2	2	6064	6652	6887	6647	7571
06041	2	3	5531	6425	6949	6939	7105
06041	2	4	5397	5080	5604	6142	6031
06041	2	5	5876	4325	4202	4501	4631
06041	2	6	8406	7144	6261	4759	5530
06041	2	7	10443	10253	8711	6775	6316
06041	2	8	11764	11694	10704	9337	8099
06041	2	9	12523	11857	11537	10432	10108
06041	2	10	9373	11167	11926	11088	10519
06041	2	11	6740	8673	11743	11163	10921
06041	2	12	5385	6268	8467	10893	11014
06041	2	13	5366	5163	5802	7658	10328
06041	2	14	5171	4952	4628	5232	7296
06041	2	15	3909	4558	4401	4104	4913
06041	2	16	3138	3541	4128	3833	3701
06041	2	17	2168	2634	3014	3484	3310
06041	2	18	2088	2657	3235	3945	4386

06043	1	1	463	481	370	409	380
06043	1	2	528	577	533	419	432
06043	1	3	480	588	602	596	500
06043	1	4	429	527	636	656	517
06043	1	5	345	371	465	540	453
06043	1	6	453	430	379	388	434
06043	1	7	552	581	459	388	424
06043	1	8	590	679	603	446	450
06043	1	9	553	661	705	631	493
06043	1	10	479	673	750	812	735
06043	1	11	370	514	670	790	888
06043	1	12	386	473	588	757	825
06043	1	13	446	468	506	672	871
06043	1	14	417	423	444	535	653
06043	1	15	384	421	408	427	498
06043	1	16	236	263	304	319	335
06043	1	17	106	148	204	210	248
06043	1	18	67	85	116	137	144
06043	2	1	467	511	407	392	400
06043	2	2	476	522	479	431	394
06043	2	3	448	566	600	559	490
06043	2	4	340	404	520	603	511
06043	2	5	295	275	312	399	379
06043	2	6	455	399	325	321	400
06043	2	7	618	580	422	370	403
06043	2	8	567	639	589	446	388
06043	2	9	497	638	731	686	495
06043	2	10	436	627	697	794	708
06043	2	11	400	507	593	772	884
06043	2	12	410	484	612	694	866
06043	2	13	454	484	536	670	720
06043	2	14	445	437	440	501	646
06043	2	15	353	412	405	399	451
06043	2	16	249	266	316	330	365
06043	2	17	141	174	199	219	225
06043	2	18	111	139	176	254	238

06045	1	1	3254	3219	2596	2642	2766
06045	1	2	3422	3280	3052	2628	2654
06045	1	3	3294	3475	3463	3034	2739
06045	1	4	2834	2923	3403	3394	2979
06045	1	5	2214	2106	2564	2852	2632
06045	1	6	2635	2489	2442	2467	2836
06045	1	7	3073	3031	2631	2720	2738
06045	1	8	3412	3222	2811	2679	2632
06045	1	9	3755	3452	3293	2942	2687
06045	1	10	2513	3172	3593	3339	2824
06045	1	11	1899	2571	3679	3612	3298
06045	1	12	1560	1815	2466	3723	3502
06045	1	13	1701	1647	1862	2435	3560
06045	1	14	1674	1603	1473	1767	2290
06045	1	15	1294	1443	1319	1232	1428
06045	1	16	927	1040	1124	1043	1008
06045	1	17	523	618	686	812	761
06045	1	18	313	400	505	543	654
06045	2	1	2942	3012	2542	2564	2537
06045	2	2	3221	3131	2903	2574	2592
06045	2	3	2995	3206	3239	2952	2651
06045	2	4	2416	2558	3135	3071	2622
06045	2	5	1949	1788	2174	2423	2243
06045	2	6	2544	2329	2224	2291	2659
06045	2	7	3206	2915	2364	2435	2509
06045	2	8	3579	3341	2951	2535	2429
06045	2	9	3612	3423	3384	2998	2484
06045	2	10	2507	3228	3744	3457	2901
06045	2	11	1838	2536	3660	3689	3422
06045	2	12	1689	1935	2600	3698	3806
06045	2	13	1877	1745	1902	2571	3617
06045	2	14	1959	1785	1574	1853	2354
06045	2	15	1533	1734	1591	1397	1502
06045	2	16	1260	1334	1436	1342	1162
06045	2	17	775	934	1038	1145	1043
06045	2	18	660	837	984	1122	1307

06047	1	1	9973	10978	9551	11112	11430
06047	1	2	9496	10143	10883	10473	11381
06047	1	3	8152	9586	10726	12062	11440
06047	1	4	7440	8101	10043	11949	12714
06047	1	5	7512	6720	7745	9854	10570
06047	1	6	8130	7546	7023	8588	9437
06047	1	7	7880	8039	7304	8182	8623
06047	1	8	6506	7356	7715	8321	8128
06047	1	9	5483	6318	7443	8359	8011
06047	1	10	4010	5173	6308	7832	8021
06047	1	11	3222	3963	5320	6499	7503
06047	1	12	3122	3260	3950	5405	6181
06047	1	13	2780	2774	3213	3915	5142
06047	1	14	2697	2764	2823	2984	3634
06047	1	15	2004	2275	2227	2403	2603
06047	1	16	1343	1551	1813	1728	1994
06047	1	17	722	902	1093	1272	1343
06047	1	18	414	531	677	854	1094
06047	2	1	9245	10356	9234	10612	10847
06047	2	2	9127	9713	10396	10091	10916
06047	2	3	7696	9048	10110	11619	10776
06047	2	4	6575	7391	9384	10812	11735
06047	2	5	6414	5978	7066	9048	9734
06047	2	6	7654	7165	6923	8156	8794
06047	2	7	7412	7744	7246	8047	8331
06047	2	8	6321	7338	7966	8203	8108
06047	2	9	5222	6168	7432	8455	7772
06047	2	10	4058	5245	6319	7660	8124
06047	2	11	3453	4067	5213	6448	7450
06047	2	12	3364	3454	4140	5354	6277
06047	2	13	3219	3109	3523	4123	5246
06047	2	14	3103	3201	3226	3479	4030
06047	2	15	2365	2791	2856	2820	3025
06047	2	16	1853	2026	2345	2407	2475
06047	2	17	1062	1341	1586	1795	1914
06047	2	18	924	1176	1436	1633	1975

06049	1	1	338	358	285	256	275
06049	1	2	432	417	332	314	298
06049	1	3	422	433	392	355	302
06049	1	4	340	353	393	387	316
06049	1	5	217	183	181	225	212
06049	1	6	290	245	200	197	245
06049	1	7	354	315	238	232	219
06049	1	8	374	367	307	258	301
06049	1	9	387	362	340	328	276
06049	1	10	276	334	348	340	341
06049	1	11	243	313	395	373	356
06049	1	12	235	250	293	413	396
06049	1	13	261	254	269	342	418
06049	1	14	275	274	270	274	328
06049	1	15	210	211	184	220	240
06049	1	16	155	160	169	143	167
06049	1	17	78	88	103	122	97
06049	1	18	50	52	61	81	101
06049	2	1	310	316	245	245	273
06049	2	2	354	337	287	278	269
06049	2	3	372	374	349	310	302
06049	2	4	279	286	304	302	294
06049	2	5	188	156	180	211	209
06049	2	6	262	230	198	194	198
06049	2	7	379	335	231	251	239
06049	2	8	358	363	308	234	216
06049	2	9	353	353	348	332	279
06049	2	10	288	354	366	362	359
06049	2	11	226	297	380	370	384
06049	2	12	235	248	294	406	411
06049	2	13	274	251	255	315	412
06049	2	14	305	269	244	248	306
06049	2	15	203	226	216	216	229
06049	2	16	154	178	217	169	173
06049	2	17	102	112	115	170	118
06049	2	18	98	107	109	92	126

06051	1	1	454	471	375	400	441
06051	1	2	395	410	386	378	429
06051	1	3	300	421	522	409	380
06051	1	4	305	368	479	587	431
06051	1	5	429	452	628	571	629
06051	1	6	598	592	597	587	714
06051	1	7	664	656	542	508	543
06051	1	8	616	655	562	561	535
06051	1	9	461	572	668	584	510
06051	1	10	343	504	594	616	558
06051	1	11	230	350	509	648	652
06051	1	12	185	242	350	507	573
06051	1	13	210	241	304	347	442
06051	1	14	131	171	228	246	295
06051	1	15	83	125	151	131	177
06051	1	16	44	66	98	87	142
06051	1	17	25	33	47	46	83
06051	1	18	14	20	28	24	30
06051	2	1	398	431	369	392	453
06051	2	2	370	428	451	385	407
06051	2	3	277	343	390	442	394
06051	2	4	235	275	352	372	405
06051	2	5	300	310	386	420	492
06051	2	6	501	453	400	461	567
06051	2	7	528	495	389	441	431
06051	2	8	538	575	537	388	429
06051	2	9	376	480	578	581	434
06051	2	10	264	420	546	621	566
06051	2	11	203	290	406	563	561
06051	2	12	179	230	328	390	512
06051	2	13	153	188	258	317	374
06051	2	14	121	134	168	210	240
06051	2	15	82	115	132	106	212
06051	2	16	56	67	89	68	89
06051	2	17	37	35	38	45	55
06051	2	18	21	31	36	35	49

06053	1	1	16875	17507	16057	16762	16771
06053	1	2	14740	15110	17096	13894	15909
06053	1	3	12690	13886	16083	16115	14917
06053	1	4	14746	12924	16601	16788	16938
06053	1	5	20359	14199	17332	18068	17804
06053	1	6	20163	16856	17907	17090	17326
06053	1	7	18096	17350	17753	16368	16324
06053	1	8	15108	15397	17122	16054	14863
06053	1	9	12070	12852	16256	15291	14600
06053	1	10	8394	10397	13636	14643	13958
06053	1	11	6431	7866	11595	12623	13558
06053	1	12	5771	5992	7986	10815	11890
06053	1	13	5785	5211	6016	7268	9882
06053	1	14	5206	5187	5057	5289	6460
06053	1	15	3951	4625	4566	4178	4474
06053	1	16	2747	3151	3615	3696	3500
06053	1	17	1642	1993	2323	2603	2741
06053	1	18	949	1254	1618	2011	2374
06053	2	1	16096	16654	15227	15797	15886
06053	2	2	13893	14319	16217	13229	14875
06053	2	3	12196	13251	15285	15388	14247
06053	2	4	11713	11169	14435	15127	15682
06053	2	5	13861	11508	13815	14648	14845
06053	2	6	15575	13755	14120	13904	14783
06053	2	7	15579	14915	14330	13254	13820
06053	2	8	13513	13633	14390	13292	12898
06053	2	9	11311	11985	14315	13391	12536
06053	2	10	8260	10209	12921	13525	12726
06053	2	11	6545	7933	11467	12275	13168
06053	2	12	6525	6483	8234	10799	11832
06053	2	13	6684	5776	6368	7606	9985
06053	2	14	6448	6317	5950	5582	7020
06053	2	15	4874	5736	5770	5242	5106
06053	2	16	3796	4308	5110	4923	4594
06053	2	17	2576	3009	3296	3940	3941
06053	2	18	2367	2769	3121	3661	4449

06055	1	1	3958	4411	3901	4078	4197
06055	1	2	3925	4095	4333	4142	4427
06055	1	3	3590	4086	4500	4715	4658
06055	1	4	3660	3808	4612	4740	4832
06055	1	5	3850	3432	3917	4431	4482
06055	1	6	4211	3946	3897	4070	4526
06055	1	7	4495	4602	4245	3971	4279
06055	1	8	4552	4747	4656	4641	4351
06055	1	9	4403	4473	4823	4764	4624
06055	1	10	3407	4161	4766	4918	4952
06055	1	11	2638	3282	4420	4797	5013
06055	1	12	2282	2548	3401	4242	4578
06055	1	13	2262	2156	2496	3253	4179
06055	1	14	2523	2317	2110	2285	2989
06055	1	15	2021	2108	1908	1921	2073
06055	1	16	1552	1737	1918	1653	1671
06055	1	17	959	1110	1256	1365	1255
06055	1	18	595	768	1000	1112	1275
06055	2	1	3806	4196	3668	3832	3935
06055	2	2	3672	3881	4161	3916	4176
06055	2	3	3393	3828	4196	4562	4422
06055	2	4	3356	3382	4036	4380	4633
06055	2	5	3359	2912	3314	3762	3856
06055	2	6	3770	3492	3414	3509	4016
06055	2	7	4508	4494	3987	3802	4005
06055	2	8	4547	4691	4537	4439	4155
06055	2	9	4277	4453	4840	4833	4712
06055	2	10	3371	4218	4864	4946	4961
06055	2	11	2664	3324	4446	4827	5017
06055	2	12	2441	2662	3436	4407	4907
06055	2	13	2539	2339	2560	3274	4312
06055	2	14	2970	2680	2391	2477	3203
06055	2	15	2546	2625	2285	2291	2303
06055	2	16	2109	2252	2480	2005	1952
06055	2	17	1582	1749	1847	1996	1691
06055	2	18	1491	1732	1944	2025	2241

06057	1	1	2721	2876	2317	2188	2247
06057	1	2	3079	3134	3003	2695	2501
06057	1	3	2911	3404	3665	3370	3024
06057	1	4	2320	2669	3409	3580	3115
06057	1	5	1544	1519	1947	2358	2377
06057	1	6	1878	1816	1844	2075	2604
06057	1	7	2712	2704	2287	2313	2489
06057	1	8	3483	3405	2973	2667	2494
06057	1	9	3691	3691	3754	3398	2811
06057	1	10	2439	3369	4064	3989	3440
06057	1	11	1827	2679	4049	4139	4034
06057	1	12	1686	2055	2896	4277	4358
06057	1	13	2134	2084	2338	3216	4500
06057	1	14	2456	2319	2035	2340	3059
06057	1	15	1954	2205	1960	1852	2174
06057	1	16	1214	1498	1662	1597	1509
06057	1	17	615	860	1054	1138	1147
06057	1	18	308	442	606	844	988
06057	2	1	2400	2516	2037	2105	2093
06057	2	2	2784	2869	2779	2575	2424
06057	2	3	2754	3126	3288	3187	2775
06057	2	4	2033	2314	2972	3147	2941
06057	2	5	1342	1287	1652	2131	2072
06057	2	6	2032	1820	1645	1916	2254
06057	2	7	3117	2902	2274	2059	2354
06057	2	8	3786	3702	3254	2682	2300
06057	2	9	3550	3847	4177	3635	2832
06057	2	10	2429	3556	4533	4393	3774
06057	2	11	1832	2660	3967	4692	4539
06057	2	12	1946	2233	2964	4285	4845
06057	2	13	2410	2211	2352	3229	4381
06057	2	14	2647	2514	2179	2390	3213
06057	2	15	2027	2386	2160	1975	2193
06057	2	16	1413	1690	1966	1798	1655
06057	2	17	926	1168	1293	1608	1495
06057	2	18	772	993	1165	1407	1783

06059	1	1	99822	118144	110411	106136	98415
06059	1	2	84869	100138	118562	102321	101976
06059	1	3	76915	92099	105137	116089	107786
06059	1	4	91150	88677	101662	106939	117106
06059	1	5		121003	97769	99206	107681	110643
06059	1	6		132741	121369	114202	107127	111035
06059	1	7		122258	130085	125034	107425	100494
06059	1	8	100317	116509	126641	117254	105131
06059	1	9	88324	99234	115910	120311	111675
06059	1	10	69702	83973	94994	111308	114436
06059	1	11	55793	64666	82837	91180	106249
06059	1	12	47003	49657	62609	76925	85244
06059	1	13	40297	39622	46594	56134	70747
06059	1	14	33895	34846	37081	40716	50525
06059	1	15	23128	28275	30575	32384	36952
06059	1	16	15655	19424	24663	25791	27753
06059	1	17	9060	11457	14362	18668	20053
06059	1	18	6225	7745	10001	12999	17177
06059	2	1	95014	112683	105705	101337	93481
06059	2	2	80665	94949	112398	97905	97561
06059	2	3	73080	87657	100085	109860	103059
06059	2	4	80907	79686	93496	100486	110274
06059	2	5		102330	86402	92513	100502	103853
06059	2	6		115973	110052	108527	101001	104536
06059	2	7	111608	120527	118526	105854	98540
06059	2	8	97453	111842	121721	116921	108089
06059	2	9	90074	99067	113441	119316	114399
06059	2	10	71309	86090	97858	111933	115983
06059	2	11	56417	66749	87519	95043	108217
06059	2	12	47901	51622	66279	82499	90923
06059	2	13	44495	43240	50210	61405	77538
06059	2	14	41492	41533	42314	46566	57669
06059	2	15	31491	37491	39279	39250	43551
06059	2	16	25531	28818	35334	35679	35408
06059	2	17	18321	21385	24472	29794	29670
06059	2	18	16768	20196	24355	27316	32815

06061	1	1	6801	8369	8091	10141	10646
06061	1	2	7178	8417	9629	11087	12122
06061	1	3	6574	8347	10128	12070	12728
06061	1	4	5734	6703	9160	11504	12499
06061	1	5	4709	4595	6053	8796	9386
06061	1	6	6094	5972	6277	7840	9920
06061	1	7	7426	8317	8150	8865	9826
06061	1	8	7991	9435	10264	11013	10587
06061	1	9	7940	8955	10681	12602	12017
06061	1	10	5884	7997	10041	12270	13349
06061	1	11	4388	6019	8980	10897	12781
06061	1	12	3729	4463	6452	9667	11150
06061	1	13	3440	3784	4945	7432	10116
06061	1	14	3298	3574	4477	5947	7682
06061	1	15	2527	3102	3774	4795	5881
06061	1	16	1689	2130	3070	3686	4565
06061	1	17	902	1227	1872	2579	3139
06061	1	18	599	775	1175	1792	2588
06061	2	1	6551	8138	7967	9601	10268
06061	2	2	6734	8048	9323	10824	11572
06061	2	3	6188	7899	9707	11813	12345
06061	2	4	5299	6119	8441	10578	11777
06061	2	5	4493	4159	5285	8135	8668
06061	2	6	6211	6190	6462	7854	9752
06061	2	7	7983	8825	8544	9302	9971
06061	2	8	8292	9774	10750	11729	11208
06061	2	9	7629	9162	11503	12970	12750
06061	2	10	5658	7982	10349	13055	13877
06061	2	11	4254	5916	8899	11202	13470
06061	2	12	3789	4582	6629	10405	12024
06061	2	13	3699	4066	5340	8285	11304
06061	2	14	3836	4028	4873	6608	8934
06061	2	15	2829	3544	4370	5615	6746
06061	2	16	2203	2732	4126	4483	5472
06061	2	17	1561	1938	2656	3819	4189
06061	2	18	1365	1788	2569	3501	4739

06063	1	1	684	677	502	447	459
06063	1	2	776	729	598	574	461
06063	1	3	791	852	810	678	544
06063	1	4	613	662	775	783	662
06063	1	5	317	317	415	540	496
06063	1	6	452	422	396	403	450
06063	1	7	651	595	436	420	420
06063	1	8	873	804	622	511	447
06063	1	9	835	812	786	680	510
06063	1	10	618	818	912	841	693
06063	1	11	524	689	896	953	839
06063	1	12	514	587	749	1044	973
06063	1	13	644	641	707	787	993
06063	1	14	598	600	549	669	762
06063	1	15	460	563	521	468	559
06063	1	16	321	358	361	364	336
06063	1	17	139	183	219	207	238
06063	1	18	61	92	128	137	151
06063	2	1	639	608	434	475	414
06063	2	2	734	720	629	519	489
06063	2	3	745	787	748	659	483
06063	2	4	494	555	674	737	630
06063	2	5	331	319	379	466	428
06063	2	6	568	458	363	405	403
06063	2	7	808	679	455	402	434
06063	2	8	846	828	696	504	409
06063	2	9	757	846	915	780	532
06063	2	10	589	800	926	947	733
06063	2	11	514	662	850	1016	944
06063	2	12	522	590	737	950	1014
06063	2	13	661	595	608	732	937
06063	2	14	629	618	547	537	708
06063	2	15	481	564	507	462	505
06063	2	16	284	352	417	380	339
06063	2	17	200	251	269	271	280
06063	2	18	153	190	218	262	275

06065	1	1	57521	67747	62687	77077	83128
06065	1	2	51600	61871	71510	75658	85687
06065	1	3	44673	57052	69196	87980	91274
06065	1	4	41147	47723	62136	81453	96419
06065	1	5	44670	42844	51074	68430	80201
06065	1	6	53306	51373	48659	62665	73300
06065	1	7	56627	60082	55491	63706	69316
06065	1	8	47637	57432	62846	70309	71138
06065	1	9	38385	48058	60583	73998	75882
06065	1	10	28466	38954	48978	68135	77332
06065	1	11	22678	29229	40361	54469	71147
06065	1	12	20510	23132	30170	45463	56510
06065	1	13	21922	22118	25802	35044	48034
06065	1	14	23398	24187	24749	29656	37101
06065	1	15	19245	22889	23167	25681	29212
06065	1	16	13549	16529	19735	20854	22499
06065	1	17	7259	9559	11896	14995	16033
06065	1	18	4273	5632	7334	9034	12424
06065	2	1	54326	64343	59830	73810	80068
06065	2	2	49814	59399	68197	72912	82673
06065	2	3	42498	54491	66352	83922	87520
06065	2	4	38259	44653	58844	76012	91081
06065	2	5	39527	38352	46836	63154	75662
06065	2	6	50845	48495	47262	60605	71341
06065	2	7	53389	57175	53872	64027	70243
06065	2	8	44930	55025	61947	68860	73032
06065	2	9	36212	45907	58470	72530	74332
06065	2	10	27634	38133	48602	65640	75817
06065	2	11	23263	29662	40493	54985	69973
06065	2	12	22404	25031	32501	47824	59333
06065	2	13	25504	25075	28865	38960	52301
06065	2	14	27918	28116	27816	33619	42166
06065	2	15	22686	27437	27976	29091	33402
06065	2	16	17564	20432	24802	25716	26631
06065	2	17	10985	13737	16019	19811	20953
06065	2	18	8532	11160	13927	15700	20167

06067	1	1	46691	50825	45385	49923	51705
06067	1	2	43385	48079	50858	48233	50169
06067	1	3	38226	44240	49351	54765	51237
06067	1	4	34815	36774	45240	51219	54122
06067	1	5	41650	36525	41584	49037	51350
06067	1	6	52902	46440	43766	51449	53902
06067	1	7	51449	51859	46722	47962	49659
06067	1	8	44857	49387	50682	49966	47134
06067	1	9	38598	42196	48375	51918	47811
06067	1	10	27345	34980	42133	49223	50299
06067	1	11	22144	27042	36535	42559	47627
06067	1	12	20061	20581	24940	36034	40593
06067	1	13	18463	17524	19697	23953	33448
06067	1	14	17664	17418	17272	18343	21709
06067	1	15	13162	14913	14727	15149	15819
06067	1	16	8347	10264	12598	12210	12838
06067	1	17	4569	6029	7651	9352	9112
06067	1	18	2681	3561	4759	6159	7967
06067	2	1	44539	48831	43824	47869	49440
06067	2	2	41759	45817	47994	46306	48220
06067	2	3	36623	42080	46710	51606	48781
06067	2	4	33919	35150	43254	48140	51276
06067	2	5	41713	36527	41866	49146	50936
06067	2	6	51606	46897	43994	51685	54140
06067	2	7	51460	51198	45571	48047	49574
06067	2	8	46087	49696	50418	48982	47731
06067	2	9	39462	43507	50022	52262	47937
06067	2	10	28583	36919	44718	51637	51541
06067	2	11	24116	29157	38990	45902	51165
06067	2	12	21584	22555	27893	39589	45216
06067	2	13	21644	20456	22938	27474	37578
06067	2	14	21568	20931	20102	22311	26001
06067	2	15	16399	19114	19126	18765	20266
06067	2	16	12468	14372	17496	16859	16494
06067	2	17	8118	10055	11889	14132	13837
06067	2	18	7162	8926	10860	12650	15325

06069	1	1	1668	2204	2482	2191	2082
06069	1	2	1719	1994	2593	2310	2216
06069	1	3	1619	1928	2490	2574	2475
06069	1	4	1471	1608	2229	2298	2352
06069	1	5	1367	1288	1695	1956	1816
06069	1	6	1554	1632	1843	1761	1726
06069	1	7	1661	1904	2108	1852	1752
06069	1	8	1500	1860	2369	2031	1769
06069	1	9	1369	1616	2181	2213	1988
06069	1	10	986	1299	1841	2104	2145
06069	1	11	731	962	1580	1777	1988
06069	1	12	702	756	1082	1470	1680
06069	1	13	626	608	773	964	1311
06069	1	14	596	614	659	679	884
06069	1	15	447	500	484	569	590
06069	1	16	312	347	407	370	435
06069	1	17	168	198	233	286	290
06069	1	18	120	129	142	203	274
06069	2	1	1725	2130	2270	2157	2040
06069	2	2	1634	1862	2428	2129	2137
06069	2	3	1567	1836	2337	2404	2260
06069	2	4	1304	1420	1979	2131	2192
06069	2	5	1185	1138	1562	1677	1721
06069	2	6	1535	1534	1780	1665	1699
06069	2	7	1583	1847	2111	1856	1798
06069	2	8	1509	1849	2345	2053	1812
06069	2	9	1216	1517	2162	2193	2056
06069	2	10	983	1292	1815	2050	2139
06069	2	11	678	909	1476	1740	2010
06069	2	12	651	747	1139	1364	1707
06069	2	13	690	611	735	1046	1287
06069	2	14	641	647	663	670	941
06069	2	15	487	566	604	578	589
06069	2	16	371	422	537	539	505
06069	2	17	257	297	326	432	464
06069	2	18	203	263	321	355	431

06071	1	1	74190	82911	73543	79716	81346
06071	1	2	67246	76586	83919	79569	81237
06071	1	3	59411	71364	81456	93394	86786
06071	1	4	54801	59694	73583	88311	92504
06071	1	5	60355	55443	65286	78783	83135
06071	1	6	68298	63441	59404	68348	74213
06071	1	7	69688	70498	62912	66918	67603
06071	1	8	59249	66670	69084	69256	66544
06071	1	9	49013	56840	66828	72796	68478
06071	1	10	35020	46138	56139	68899	70206
06071	1	11	26751	33864	45963	57225	66371
06071	1	12	22861	25447	32507	45823	54144
06071	1	13	21496	21382	24544	31811	42581
06071	1	14	19358	19708	20129	23014	28712
06071	1	15	14335	16711	16834	17747	20020
06071	1	16	9811	11229	12959	13429	14513
06071	1	17	5293	6418	7504	9040	9701
06071	1	18	3271	3985	4851	5612	7237
06071	2	1	72106	79733	70083	76334	77745
06071	2	2	64041	73084	79629	76142	76930
06071	2	3	55672	67556	78050	88529	82589
06071	2	4	48858	54477	68260	81123	87011
06071	2	5	52678	48961	57481	70998	77645
06071	2	6	66527	61602	58348	67823	72475
06071	2	7	68774	69941	62866	67453	68683
06071	2	8	59021	66975	70039	70303	69071
06071	2	9	47075	56303	67656	74081	69140
06071	2	10	34168	46177	57449	70242	72546
06071	2	11	26699	33991	46205	59514	68967
06071	2	12	24071	26444	33380	47463	57227
06071	2	13	24189	23360	26314	33455	44790
06071	2	14	23802	23492	23192	25961	31843
06071	2	15	18269	21098	21255	21420	23649
06071	2	16	14148	15551	18160	18171	18590
06071	2	17	9273	10698	11706	13659	14321
06071	2	18	7497	9001	10519	11562	13888

06073	1	1	105155	114906	101733	102697	103969
06073	1	2	90953	100214	109250	93279	99758
06073	1	3	79533	91855	103047	108573	102275
06073	1	4	96183	90399	106045	113119	118222
06073	1	5		145422	121324	129843	139964	149241
06073	1	6		138491	123872	116567	118278	131519
06073	1	7		126601	127518	115391	109944	113342
06073	1	8	105576	116378	120640	108857	106172
06073	1	9	86872	96337	112430	112903	105588
06073	1	10	60985	78367	95247	107653	110097
06073	1	11	47043	58335	80243	92060	104820
06073	1	12	42151	44256	55606	76570	88111
06073	1	13	40689	38075	42574	52089	72444
06073	1	14	40891	38573	37681	39452	48779
06073	1	15	32046	35214	34593	33079	34986
06073	1	16	21868	25297	30085	28247	28231
06073	1	17	12303	15430	19177	21953	21828
06073	1	18	7476	9349	12147	15207	19826
06073	2	1	100119	109508	97259	98152	99741
06073	2	2	86361	94925	103108	88966	95114
06073	2	3	76007	87730	98336	102440	97161
06073	2	4	80104	79958	94943	101567	106702
06073	2	5	105535	92062	103936	114289	122686
06073	2	6		117380	108592	104503	113625	119771
06073	2	7	115318	116899	107537	102338	108169
06073	2	8	101220	110305	114593	105284	104424
06073	2	9	85983	95523	110882	111755	104542
06073	2	10	62234	80168	97387	108226	109604
06073	2	11	49910	61308	83396	95200	107129
06073	2	12	45628	47833	59816	80785	93405
06073	2	13	47572	43748	48369	57386	78480
06073	2	14	50388	46472	44029	46165	55235
06073	2	15	39768	44253	43760	40589	42831
06073	2	16	30810	34058	40983	37956	36174
06073	2	17	20352	23998	27692	32081	30938
06073	2	18	17438	20658	24538	27647	34675

06075	1	1	19254	19509	16302	17673	17899
06075	1	2	16059	16229	15910	12527	14462
06075	1	3	15631	16361	15879	14537	13497
06075	1	4	18414	16235	17141	16708	16835
06075	1	5	29947	26749	28085	25394	29281
06075	1	6	42535	43424	46810	40316	44148
06075	1	7	41470	47402	48494	42224	41418
06075	1	8	37539	40139	40204	38899	37996
06075	1	9	31335	31937	33585	33722	34872
06075	1	10	21397	25982	30019	30211	31668
06075	1	11	16982	20037	26465	27555	28993
06075	1	12	15414	15470	17661	24624	26871
06075	1	13	14923	13839	14631	16006	22632
06075	1	14	14304	13343	12794	13135	14375
06075	1	15	10579	11820	11679	11094	11324
06075	1	16	8218	8662	9704	9492	9312
06075	1	17	5088	5447	5758	7144	6925
06075	1	18	3426	3838	4365	4880	6070
06075	2	1	18388	18508	15343	16955	17182
06075	2	2	15548	15689	15431	12009	13986
06075	2	3	14889	15608	15065	14122	12861
06075	2	4	17281	15371	16377	16609	17673
06075	2	5	30129	27225	28712	27146	31339
06075	2	6	39232	41761	44221	40965	43815
06075	2	7	35666	39941	40494	38143	38683
06075	2	8	31874	32737	31793	31582	32349
06075	2	9	27337	27416	27985	26848	27940
06075	2	10	19046	23292	26684	25618	25706
06075	2	11	16538	19200	25205	25184	25278
06075	2	12	15476	15430	17582	23821	24995
06075	2	13	17152	15586	15785	16597	22640
06075	2	14	17409	15950	14304	14656	15548
06075	2	15	14412	15361	14975	13214	13319
06075	2	16	12909	12499	13248	12975	11531
06075	2	17	9394	9407	9289	10254	10376
06075	2	18	8301	8982	9906	10177	11664

06077	1	1	22965	25444	23294	27970	27889
06077	1	2	22334	23882	25790	26360	28128
06077	1	3	19312	22746	25751	29839	28863
06077	1	4	19046	20867	25955	29166	30357
06077	1	5	19366	17381	20195	25168	25418
06077	1	6	21446	19340	18426	22016	23721
06077	1	7	21835	21874	20102	22151	22266
06077	1	8	19608	21306	22140	23701	22156
06077	1	9	16912	18578	21566	24596	23186
06077	1	10	12743	15732	18696	22792	23764
06077	1	11	9716	11709	15913	19467	22261
06077	1	12	8491	9144	11731	16110	18394
06077	1	13	8332	7953	8961	11491	15192
06077	1	14	7980	7660	7319	8495	10510
06077	1	15	6097	6859	6649	6615	7414
06077	1	16	4507	4947	5524	5553	5452
06077	1	17	2663	3050	3410	4006	4087
06077	1	18	1638	2015	2488	2820	3482
06077	2	1	21861	24158	21998	26606	26465
06077	2	2	20860	22596	24762	25233	26979
06077	2	3	18229	21549	24691	28607	27486
06077	2	4	16320	17540	22346	26222	27955
06077	2	5	16464	15162	18026	21931	23286
06077	2	6	19207	18081	17870	21590	22554
06077	2	7	20571	20960	19539	22273	22530
06077	2	8	18639	20689	22062	23165	22718
06077	2	9	16125	18115	21352	24444	22778
06077	2	10	12154	15442	18789	22704	23713
06077	2	11	9709	11832	16158	19753	22322
06077	2	12	8859	9510	12237	16935	19505
06077	2	13	9490	8675	9497	12454	16210
06077	2	14	9598	9123	8454	9639	12046
06077	2	15	7630	8568	8284	8072	8832
06077	2	16	5922	6496	7562	7415	7139
06077	2	17	3975	4673	5277	6159	6111
06077	2	18	3527	4267	5071	5467	6575

06079	1	1	7559	7846	6310	6280	6834
06079	1	2	7338	7614	7650	6568	6960
06079	1	3	6561	7693	8472	8027	7265
06079	1	4	8647	9242	11280	12188	11422
06079	1	5	12733	11331	13034	16512	15501
06079	1	6	10059	8578	7876	7204	9538
06079	1	7	10108	9373	7892	7645	8080
06079	1	8	10027	10137	9621	8103	7537
06079	1	9	8443	9216	10505	9480	8403
06079	1	10	5560	7815	10030	10359	9555
06079	1	11	4156	5799	8632	9886	10189
06079	1	12	3734	4299	5856	8534	9933
06079	1	13	4237	4083	4612	6042	8610
06079	1	14	4685	4477	4247	4540	5953
06079	1	15	3773	4270	4103	3860	4154
06079	1	16	2667	3108	3533	3421	3344
06079	1	17	1437	1822	2221	2528	2653
06079	1	18	845	1071	1371	1769	2348
06079	2	1	6965	7395	6070	6016	6510
06079	2	2	7118	7310	7233	6435	6847
06079	2	3	6156	7126	7823	7623	6942
06079	2	4	7322	7658	9787	10654	10224
06079	2	5	9732	8442	9832	12589	11929
06079	2	6	7551	6607	5946	5431	7851
06079	2	7	8970	8167	6535	6223	6760
06079	2	8	8796	8967	8426	6808	6535
06079	2	9	7160	8338	9877	8686	7215
06079	2	10	5289	7545	9622	10003	8974
06079	2	11	4225	5707	8154	9771	10524
06079	2	12	4142	4607	6034	8462	10213
06079	2	13	4875	4532	4952	6328	8590
06079	2	14	5431	5119	4757	4948	6479
06079	2	15	4427	5123	4975	4454	4718
06079	2	16	3393	3849	4575	4297	3980
06079	2	17	2258	2745	3165	3637	3545
06079	2	18	1897	2359	2831	3304	3998

06081	1	1	24400	26893	23293	23700	23615
06081	1	2	20733	22446	23731	20154	22847
06081	1	3	18576	21387	22890	21991	21805
06081	1	4	19650	19042	21462	21448	21302
06081	1	5	24471	20960	21800	20946	21412
06081	1	6	30881	28442	27236	24202	24751
06081	1	7	31682	32993	30571	25849	25837
06081	1	8	28578	31276	31631	27596	26730
06081	1	9	25746	27510	30012	28296	26987
06081	1	10	19761	23768	26511	27399	27716
06081	1	11	16230	18797	23920	24396	26714
06081	1	12	14005	14421	17153	21505	23330
06081	1	13	13148	12194	13236	14421	19874
06081	1	14	12042	11288	10549	11140	13141
06081	1	15	8923	9984	9494	8796	9708
06081	1	16	6188	7133	8041	7626	7351
06081	1	17	3475	4288	4977	5713	5679
06081	1	18	2070	2706	3486	4319	5302
06081	2	1	22847	25310	22069	23027	22662
06081	2	2	19855	21574	22883	19311	21933
06081	2	3	17785	20270	21433	21481	20749
06081	2	4	17585	17052	19357	19200	19871
06081	2	5	22107	18807	19303	18936	18835
06081	2	6	29124	26845	25103	22536	23549
06081	2	7	30628	31494	29162	24785	25353
06081	2	8	28600	30965	31277	27460	26496
06081	2	9	26617	27867	29653	29098	27889
06081	2	10	20621	24657	27297	27593	28641
06081	2	11	16851	19687	25331	25449	27745
06081	2	12	14736	15369	18616	23047	24809
06081	2	13	15180	13867	14750	16516	21892
06081	2	14	14815	13712	12357	13036	15551
06081	2	15	11591	12922	12257	11011	11922
06081	2	16	9099	9994	11350	10511	9547
06081	2	17	6172	7124	7733	8916	8468
06081	2	18	5402	6646	7896	8668	10149

06083	1	1	14511	15826	13319	13491	13861
06083	1	2	13068	14206	15019	12224	13446
06083	1	3	11112	13090	14503	14671	13746
06083	1	4	14525	14395	16367	18876	19229
06083	1	5	20590	17877	19394	23058	22865
06083	1	6	18006	16393	14763	13288	16589
06083	1	7	17324	17065	14818	14232	14067
06083	1	8	15259	16020	15530	13398	13073
06083	1	9	12577	13689	15148	14365	12969
06083	1	10	9178	11554	13276	14064	13795
06083	1	11	7659	9061	11412	12630	13659
06083	1	12	7003	7084	8312	10738	12023
06083	1	13	6614	6216	6716	7753	10144
06083	1	14	6450	6241	6080	6052	7078
06083	1	15	4987	5649	5547	5283	5428
06083	1	16	3598	4119	4774	4586	4516
06083	1	17	2202	2589	2980	3422	3496
06083	1	18	1467	1783	2207	2572	3274
06083	2	1	13783	15023	12645	12974	13452
06083	2	2	12153	13386	14219	11592	12950
06083	2	3	10605	12421	13663	13991	12943
06083	2	4	13818	13842	15875	18180	18667
06083	2	5	17979	15943	17805	20843	20310
06083	2	6	15641	14052	12805	11330	14511
06083	2	7	15852	15448	13312	12550	12629
06083	2	8	13909	14902	14726	12543	11952
06083	2	9	11762	13122	14751	14037	12462
06083	2	10	9150	11438	13044	14011	13740
06083	2	11	7987	9293	11492	12590	13854
06083	2	12	7280	7447	8795	11077	12521
06083	2	13	7614	7008	7486	8348	10626
06083	2	14	7896	7315	6761	7001	8022
06083	2	15	6303	7104	6901	6107	6391
06083	2	16	5290	5611	6358	6046	5524
06083	2	17	3848	4234	4481	5177	5013
06083	2	18	3565	4136	4706	4979	5887

06085	1	1	60372	67984	61210	64655	63726
06085	1	2	52398	56948	61543	53802	62579
06085	1	3	46856	53563	57644	57246	58414
06085	1	4	52799	50287	56406	56370	59521
06085	1	5	67127	57449	60239	58459	60326
06085	1	6	85526	78528	76805	67426	69042
06085	1	7	83577	86446	81719	71352	69528
06085	1	8	67653	77032	81984	72414	71209
06085	1	9	56545	63484	73408	72713	70227
06085	1	10	44395	52752	59471	66038	70772
06085	1	11	35680	39904	50129	53823	63891
06085	1	12	29724	30819	37679	44029	50709
06085	1	13	24562	24205	28118	31456	40357
06085	1	14	20632	21318	21665	23470	28482
06085	1	15	14213	17385	17921	18264	21062
06085	1	16	9223	11583	14448	14567	15844
06085	1	17	5326	6837	8351	10548	11359
06085	1	18	3348	4308	5489	7178	9952
06085	2	1	57190	64611	58283	61144	60878
06085	2	2	50167	54176	58447	51568	59848
06085	2	3	44693	50849	54180	54574	55620
06085	2	4	47918	45882	51676	51637	54972
06085	2	5	58101	50180	53064	52452	53251
06085	2	6	73256	69109	67645	61680	64574
06085	2	7	72969	75818	72757	66222	66947
06085	2	8	62550	69826	73742	68123	69396
06085	2	9	56198	60586	67532	68177	67945
06085	2	10	45156	52632	58582	62668	67376
06085	2	11	35597	40477	51803	54194	62154
06085	2	12	29866	31608	39313	46102	52329
06085	2	13	27396	26724	30497	34275	43742
06085	2	14	25445	25721	24964	27177	32594
06085	2	15	18684	22370	22737	22056	25225
06085	2	16	14509	16559	19832	19416	19908
06085	2	17	9963	11682	13067	15647	16082
06085	2	18	8693	10603	12597	14390	17853

06087	1	1	8858	9412	7908	7805	7755
06087	1	2	8255	8559	8792	6871	7739
06087	1	3	7341	8343	9098	8407	7930
06087	1	4	8557	8561	10146	10995	10931
06087	1	5	10269	9195	10723	12624	12788
06087	1	6	9911	9485	9277	7308	9178
06087	1	7	10776	11049	9993	8584	8278
06087	1	8	11373	11174	10348	8991	8134
06087	1	9	10332	10283	10815	9257	8617
06087	1	10	6760	8973	10971	9812	9234
06087	1	11	4480	6367	9743	10133	9873
06087	1	12	3621	4227	5858	8710	9851
06087	1	13	3407	3329	3842	5180	8225
06087	1	14	3276	3035	2853	3274	4740
06087	1	15	2672	2833	2592	2430	2900
06087	1	16	2092	2133	2196	2004	1935
06087	1	17	1320	1394	1458	1600	1591
06087	1	18	907	1017	1164	1277	1575
06087	2	1	8395	8980	7609	7256	7314
06087	2	2	7798	8010	8180	6819	7417
06087	2	3	6871	7846	8608	7826	7451
06087	2	4	8110	8182	9910	10872	10843
06087	2	5	9482	8625	10263	11841	11700
06087	2	6	9162	8587	8301	7107	8446
06087	2	7	10725	10478	9124	7832	7969
06087	2	8	11171	10906	10076	8482	7721
06087	2	9	9584	9964	10764	9344	8562
06087	2	10	6358	8714	10982	10026	9451
06087	2	11	4317	6071	9141	10243	10259
06087	2	12	3919	4395	5862	8400	10035
06087	2	13	4054	3686	4022	5309	8058
06087	2	14	4274	3813	3411	3599	5015
06087	2	15	3668	3821	3436	3010	3310
06087	2	16	3128	3073	3244	2925	2656
06087	2	17	2282	2401	2442	2537	2493
06087	2	18	2111	2403	2683	2687	3080

06089	1	1	6214	6430	5053	5180	5285
06089	1	2	6265	6436	5903	5714	5364
06089	1	3	5918	6776	6912	6568	5954
06089	1	4	5186	5589	6587	7048	6360
06089	1	5	3992	3776	4476	5547	5695
06089	1	6	4791	4198	3753	4758	5322
06089	1	7	5606	5482	4406	4278	4820
06089	1	8	5811	6086	5509	4990	4489
06089	1	9	5462	5816	6114	6135	5100
06089	1	10	4470	5674	6151	6559	6149
06089	1	11	3552	4468	5723	6443	6632
06089	1	12	3096	3592	4704	6159	6460
06089	1	13	3237	3271	3681	4820	5980
06089	1	14	3366	3299	3167	3720	4647
06089	1	15	2619	2975	2848	2901	3351
06089	1	16	1782	2136	2465	2463	2430
06089	1	17	920	1185	1438	1799	1722
06089	1	18	508	691	938	1111	1431
06089	2	1	5642	5829	4579	4913	4942
06089	2	2	5862	6063	5603	5241	5159
06089	2	3	5429	6245	6432	6287	5415
06089	2	4	4828	5184	6281	6398	5992
06089	2	5	4098	3684	4237	5490	5353
06089	2	6	5257	4611	3951	4516	5227
06089	2	7	6066	5912	4689	4523	4667
06089	2	8	6196	6582	6071	5251	4628
06089	2	9	5619	6222	6724	6567	5260
06089	2	10	4507	5849	6517	7094	6686
06089	2	11	3668	4603	5833	6774	7070
06089	2	12	3393	3840	4886	6276	6959
06089	2	13	3590	3526	3883	5037	6253
06089	2	14	3792	3694	3514	3931	4981
06089	2	15	2973	3508	3405	3414	3661
06089	2	16	2345	2626	3041	3032	2893
06089	2	17	1399	1806	2183	2427	2392
06089	2	18	1147	1534	1958	2251	2562

06091	1	1	134	120	87	72	67
06091	1	2	153	132	113	74	69
06091	1	3	107	144	176	128	86
06091	1	4	96	102	121	114	95
06091	1	5	56	48	54	65	62
06091	1	6	79	66	60	60	66
06091	1	7	116	115	97	64	57
06091	1	8	144	138	106	91	76
06091	1	9	128	140	156	117	94
06091	1	10	124	150	166	161	131
06091	1	11	93	117	159	172	152
06091	1	12	88	101	124	169	173
06091	1	13	72	81	110	126	174
06091	1	14	82	86	87	94	124
06091	1	15	83	80	63	63	76
06091	1	16	41	49	56	50	66
06091	1	17	41	43	46	51	29
06091	1	18	21	28	34	33	35
06091	2	1	96	91	70	80	76
06091	2	2	141	127	107	91	66
06091	2	3	128	121	109	107	69
06091	2	4	80	95	119	80	85
06091	2	5	44	41	52	60	55
06091	2	6	83	77	74	62	59
06091	2	7	138	120	83	75	57
06091	2	8	157	164	140	79	75
06091	2	9	136	143	138	155	96
06091	2	10	101	136	163	128	136
06091	2	11	84	107	143	165	157
06091	2	12	86	88	113	167	176
06091	2	13	77	88	120	109	171
06091	2	14	83	89	95	97	102
06091	2	15	101	94	71	71	89
06091	2	16	58	55	56	66	66
06091	2	17	40	47	53	28	31
06091	2	18	32	43	53	54	38

06093	1	1	1555	1551	1171	1117	1284
06093	1	2	1791	1649	1360	1286	1198
06093	1	3	1861	1885	1706	1512	1404
06093	1	4	1434	1538	1769	1660	1488
06093	1	5	956	880	992	1189	1162
06093	1	6	1121	972	855	969	1173
06093	1	7	1513	1361	1007	973	1042
06093	1	8	1755	1637	1331	1133	1089
06093	1	9	1782	1723	1645	1436	1191
06093	1	10	1273	1651	1834	1716	1502
06093	1	11	1090	1403	1828	1875	1801
06093	1	12	972	1105	1396	1951	1953
06093	1	13	1187	1130	1180	1493	1959
06093	1	14	1161	1105	1008	1218	1517
06093	1	15	898	1012	956	900	1001
06093	1	16	629	740	825	730	721
06093	1	17	360	436	504	566	514
06093	1	18	199	251	322	370	443
06093	2	1	1510	1452	1090	1130	1164
06093	2	2	1692	1581	1321	1162	1201
06093	2	3	1671	1781	1707	1399	1315
06093	2	4	1390	1429	1615	1509	1250
06093	2	5	850	751	848	1072	1034
06093	2	6	1238	1003	817	914	1097
06093	2	7	1698	1438	1011	948	985
06093	2	8	1878	1785	1481	1103	1037
06093	2	9	1754	1841	1890	1623	1203
06093	2	10	1232	1692	1989	1891	1588
06093	2	11	1071	1387	1785	2034	2027
06093	2	12	1072	1168	1416	1878	2084
06093	2	13	1231	1116	1143	1481	1891
06093	2	14	1267	1228	1140	1146	1426
06093	2	15	974	1140	1095	1023	1015
06093	2	16	736	845	982	873	791
06093	2	17	519	585	607	721	665
06093	2	18	423	509	592	640	714

06095	1	1	16155	16895	14629	14365	13788
06095	1	2	15326	16235	16348	13913	13966
06095	1	3	13375	15269	16770	16333	14655
06095	1	4	12222	12674	15525	16363	15638
06095	1	5	14250	12432	13983	15792	15209
06095	1	6	17050	14550	13534	13556	14854
06095	1	7	17617	17424	15720	14025	13471
06095	1	8	16442	17216	17069	14611	13141
06095	1	9	13964	15155	17292	16745	14232
06095	1	10	9591	12277	15003	16354	16006
06095	1	11	7195	9205	13133	14564	15866
06095	1	12	6060	6805	8827	12514	13703
06095	1	13	4801	5083	6281	7990	11500
06095	1	14	4472	4773	5219	5640	7179
06095	1	15	3277	3788	3948	4490	5039
06095	1	16	2219	2689	3325	3412	3814
06095	1	17	1159	1566	2060	2405	2458
06095	1	18	647	903	1268	1652	2148
06095	2	1	15090	16156	14261	13488	13005
06095	2	2	14207	15310	15708	13678	13383
06095	2	3	12665	14447	15874	15611	13953
06095	2	4	11028	11489	14092	15101	14717
06095	2	5	11403	10224	11797	13505	13678
06095	2	6	14845	13538	12698	12797	13781
06095	2	7	16612	16077	13995	13007	12968
06095	2	8	15318	16416	16577	14301	13115
06095	2	9	12855	14555	16968	16217	13872
06095	2	10	8834	11965	15093	16559	15893
06095	2	11	6867	8914	12761	14755	16264
06095	2	12	5935	6677	8680	12395	14455
06095	2	13	5815	5773	6674	8335	11977
06095	2	14	5689	5729	5767	6627	7968
06095	2	15	4136	5016	5421	5356	6026
06095	2	16	3016	3695	4828	4878	4800
06095	2	17	1861	2486	3173	3808	3849
06095	2	18	1465	1989	2673	3039	3934

06097	1	1	15361	16502	14166	14281	14443
06097	1	2	14992	15872	16391	14009	15032
06097	1	3	13154	15424	17128	16744	15189
06097	1	4	12533	13572	16952	17348	17150
06097	1	5	12897	12114	14870	16545	16880
06097	1	6	15112	14314	14307	15027	16585
06097	1	7	17248	17663	16031	13952	15361
06097	1	8	18073	18889	18272	15969	14554
06097	1	9	17163	17665	18993	17829	15962
06097	1	10	11873	15738	18852	18378	17361
06097	1	11	8292	11694	17475	17910	18144
06097	1	12	6847	8199	11526	16321	17413
06097	1	13	6567	6690	7933	10655	15471
06097	1	14	6999	6752	6425	7153	10179
06097	1	15	5727	6337	5916	5544	6510
06097	1	16	4349	4923	5375	4845	4777
06097	1	17	2640	3194	3643	4061	3814
06097	1	18	1606	2045	2578	2971	3749
06097	2	1	14344	15581	13485	13592	13806
06097	2	2	14100	14930	15344	13479	14363
06097	2	3	12473	14528	16097	15520	14585
06097	2	4	11449	12334	15590	16154	16041
06097	2	5	11796	10951	13358	14902	15339
06097	2	6	15047	13661	12971	13387	15201
06097	2	7	17775	17394	15091	13214	14400
06097	2	8	18650	19286	18594	15520	14302
06097	2	9	17156	18167	19845	18614	15713
06097	2	10	11767	16165	20037	19325	18655
06097	2	11	8418	11997	18055	19263	19378
06097	2	12	7257	8724	12266	17199	19144
06097	2	13	7929	7640	8665	11808	17009
06097	2	14	8844	8146	7330	8104	11342
06097	2	15	7681	8461	7717	6682	7703
06097	2	16	6432	6947	7762	6845	6186
06097	2	17	4364	5145	5663	6517	5838
06097	2	18	3580	4642	5718	6271	7541

06099	1	1	18291	20593	18297	20294	20275
06099	1	2	17574	19112	20621	19984	20438
06099	1	3	15720	18442	20646	22888	21406
06099	1	4	13489	14954	19071	21457	22102
06099	1	5	13227	12570	15416	18606	18858
06099	1	6	16105	15285	14782	17450	18329
06099	1	7	16604	17219	15673	16567	16985
06099	1	8	14746	16667	17430	17454	16447
06099	1	9	12501	14272	16823	18268	16711
06099	1	10	9488	12206	14544	17450	17698
06099	1	11	7526	9269	12361	14712	16680
06099	1	12	6478	7047	9010	12348	13944
06099	1	13	6182	6080	6983	8730	11353
06099	1	14	5998	5989	5986	6630	7922
06099	1	15	4399	5103	5104	5348	5786
06099	1	16	3262	3704	4220	4251	4311
06099	1	17	1830	2145	2453	3088	3128
06099	1	18	1147	1434	1825	2062	2615
06099	2	1	17545	19648	17443	19678	19397
06099	2	2	16797	18210	19499	18850	19639
06099	2	3	14909	17650	19972	21307	19888
06099	2	4	12854	14174	18234	20311	20529
06099	2	5	13180	12295	14994	18051	18391
06099	2	6	16016	15213	14801	17182	18123
06099	2	7	16730	17258	15740	16622	16912
06099	2	8	14723	16718	17672	17221	16621
06099	2	9	12768	14628	17239	18527	16960
06099	2	10	9731	12603	15061	17819	18055
06099	2	11	7789	9646	12840	15321	17249
06099	2	12	6986	7587	9700	12973	14794
06099	2	13	7207	6865	7742	9695	12501
06099	2	14	7212	7054	6864	7705	9106
06099	2	15	5839	6663	6479	6474	6973
06099	2	16	4688	5046	5775	5734	5657
06099	2	17	3064	3647	4147	4595	4718
06099	2	18	2707	3341	4024	4368	4857

06101	1	1	2948	3439	2951	3554	3617
06101	1	2	2798	3281	3446	3297	3758
06101	1	3	2581	3234	3475	3793	3617
06101	1	4	2306	2611	3117	3705	3889
06101	1	5	2218	2243	2665	3279	3321
06101	1	6	2567	2588	2499	3081	3212
06101	1	7	2646	2982	2758	2816	3130
06101	1	8	2411	2922	2992	3020	2933
06101	1	9	2149	2564	2883	3232	3005
06101	1	10	1785	2327	2587	3073	3267
06101	1	11	1611	1927	2314	2687	3071
06101	1	12	1487	1560	1764	2384	2668
06101	1	13	1356	1403	1553	1765	2277
06101	1	14	1137	1259	1422	1456	1662
06101	1	15	871	1039	1085	1278	1356
06101	1	16	653	720	807	899	1086
06101	1	17	363	439	526	537	657
06101	1	18	194	249	331	428	513
06101	2	1	2704	3215	2802	3331	3517
06101	2	2	2658	3050	3156	3044	3533
06101	2	3	2379	2928	3139	3565	3533
06101	2	4	2215	2502	3064	3240	3445
06101	2	5	2077	2063	2417	2947	2993
06101	2	6	2603	2604	2486	2990	3306
06101	2	7	2630	2951	2693	2836	3031
06101	2	8	2484	2976	3017	2876	2917
06101	2	9	2195	2629	2944	3311	3101
06101	2	10	1889	2430	2654	3084	3271
06101	2	11	1622	1960	2358	2781	3146
06101	2	12	1471	1653	1998	2434	2762
06101	2	13	1429	1502	1692	2055	2457
06101	2	14	1371	1432	1507	1640	1964
06101	2	15	1123	1316	1340	1431	1531
06101	2	16	896	958	1138	1193	1257
06101	2	17	571	671	770	862	979
06101	2	18	456	626	842	860	1024

06103	1	1	1906	2148	1771	2160	2279
06103	1	2	2067	2257	2199	1970	2214
06103	1	3	2112	2408	2408	2493	2239
06103	1	4	1640	1900	2310	2401	2419
06103	1	5	1320	1281	1508	1823	1856
06103	1	6	1613	1538	1413	1651	1924
06103	1	7	1819	1915	1654	1585	1793
06103	1	8	1723	2010	1978	1901	1778
06103	1	9	1626	1883	2080	2169	1890
06103	1	10	1324	1716	1860	2193	2272
06103	1	11	1219	1473	1764	2002	2277
06103	1	12	1203	1230	1375	1910	2034
06103	1	13	1244	1257	1377	1541	2040
06103	1	14	1329	1284	1234	1373	1523
06103	1	15	1070	1147	1043	1113	1201
06103	1	16	775	830	873	826	923
06103	1	17	370	458	546	613	579
06103	1	18	233	281	331	392	446
06103	2	1	1899	2160	1792	1943	2147
06103	2	2	1908	2119	2132	2007	2112
06103	2	3	1866	2173	2256	2344	2191
06103	2	4	1494	1695	2085	2225	2214
06103	2	5	1226	1146	1347	1742	1827
06103	2	6	1693	1562	1376	1473	1742
06103	2	7	1854	1930	1631	1571	1675
06103	2	8	1835	2138	2132	1786	1750
06103	2	9	1634	1896	2118	2310	1880
06103	2	10	1443	1834	1954	2293	2364
06103	2	11	1289	1511	1745	2109	2349
06103	2	12	1242	1333	1570	1935	2184
06103	2	13	1344	1308	1399	1683	2058
06103	2	14	1427	1355	1267	1391	1716
06103	2	15	1186	1295	1176	1156	1296
06103	2	16	917	960	1058	1011	974
06103	2	17	550	662	749	796	698
06103	2	18	513	596	659	711	740

06105	1	1	474	426	276	310	334
06105	1	2	529	504	418	351	329
06105	1	3	549	571	509	460	349
06105	1	4	427	449	490	484	404
06105	1	5	273	234	218	310	309
06105	1	6	337	295	251	278	362
06105	1	7	466	407	279	307	335
06105	1	8	594	527	374	334	339
06105	1	9	614	593	535	434	372
06105	1	10	412	569	636	622	524
06105	1	11	327	446	583	721	611
06105	1	12	357	418	518	627	722
06105	1	13	382	391	426	593	688
06105	1	14	360	379	362	414	544
06105	1	15	270	331	318	278	365
06105	1	16	172	208	226	209	243
06105	1	17	84	108	122	125	169
06105	1	18	36	47	66	72	103
06105	2	1	445	407	269	286	292
06105	2	2	476	474	391	313	311
06105	2	3	474	499	453	468	393
06105	2	4	373	388	416	422	389
06105	2	5	230	186	192	262	247
06105	2	6	359	289	221	214	284
06105	2	7	461	397	268	280	299
06105	2	8	589	579	474	301	329
06105	2	9	541	550	526	523	350
06105	2	10	391	532	584	604	542
06105	2	11	323	441	588	638	641
06105	2	12	329	368	444	635	678
06105	2	13	394	378	390	494	611
06105	2	14	342	359	351	349	455
06105	2	15	278	325	292	256	305
06105	2	16	181	211	242	187	260
06105	2	17	112	135	144	147	160
06105	2	18	91	104	128	132	156

06107	1	1	15800	18850	16672	19518	21020
06107	1	2	15880	17384	18140	17474	20484
06107	1	3	14473	16818	17940	19781	19879
06107	1	4	13257	14733	17650	18985	20229
06107	1	5	11761	11655	13987	16468	16966
06107	1	6	12881	13354	12834	14484	16447
06107	1	7	12597	13794	12733	13679	15113
06107	1	8	11322	12940	13316	13523	14024
06107	1	9	9899	11266	12592	13594	13591
06107	1	10	7648	9671	11026	12714	13442
06107	1	11	6223	7599	9585	10979	12693
06107	1	12	5447	5919	7150	9475	10652
06107	1	13	5122	5065	5513	6893	9079
06107	1	14	4948	4820	4723	5161	6327
06107	1	15	3807	4116	3885	4267	4583
06107	1	16	2909	3030	3277	3162	3354
06107	1	17	1712	1855	1996	2317	2402
06107	1	18	983	1162	1405	1635	1981
06107	2	1	15058	18123	16177	19078	20094
06107	2	2	15113	16717	17574	16739	19662
06107	2	3	13976	16093	16941	19302	19198
06107	2	4	11624	13127	15934	17169	18791
06107	2	5	10471	10517	12697	14944	15682
06107	2	6	12148	12214	11923	14013	15844
06107	2	7	12570	13575	12407	13085	14635
06107	2	8	11298	12885	13189	13312	13730
06107	2	9	9897	11297	12568	13634	13395
06107	2	10	7691	9780	11170	12815	13613
06107	2	11	6423	7767	9690	11400	12760
06107	2	12	5778	6151	7296	9700	11141
06107	2	13	5949	5648	5994	7180	9519
06107	2	14	5804	5593	5360	5799	6867
06107	2	15	4801	5221	4974	5012	5313
06107	2	16	3986	3993	4357	4304	4337
06107	2	17	2684	2879	3014	3364	3409
06107	2	18	2122	2516	2938	3011	3432

06109	1	1	1520	1602	1287	1249	1183
06109	1	2	1733	1706	1541	1470	1275
06109	1	3	1704	1839	1826	1763	1499
06109	1	4	1408	1593	2003	1935	1712
06109	1	5	1842	1618	1792	2066	1702
06109	1	6	2313	1834	1641	1764	1994
06109	1	7	2389	2219	1841	1735	1766
06109	1	8	2279	2265	2059	1798	1656
06109	1	9	2036	2204	2414	2239	1862
06109	1	10	1339	1936	2470	2368	2097
06109	1	11	1156	1555	2194	2547	2369
06109	1	12	1066	1220	1595	2309	2444
06109	1	13	1338	1298	1434	1797	2329
06109	1	14	1519	1480	1395	1511	1736
06109	1	15	1037	1272	1290	1208	1312
06109	1	16	667	868	1047	984	997
06109	1	17	375	481	570	715	684
06109	1	18	178	246	340	443	569
06109	2	1	1394	1467	1202	1124	1116
06109	2	2	1561	1544	1406	1364	1184
06109	2	3	1597	1741	1732	1616	1400
06109	2	4	1211	1316	1646	1744	1462
06109	2	5	918	860	1077	1323	1257
06109	2	6	1338	1122	953	1126	1195
06109	2	7	1752	1571	1199	1078	1139
06109	2	8	1969	1923	1674	1274	1108
06109	2	9	1725	1869	2008	1810	1362
06109	2	10	1328	1869	2271	2254	1805
06109	2	11	1157	1506	2036	2439	2292
06109	2	12	1188	1330	1711	2328	2429
06109	2	13	1490	1421	1569	1804	2273
06109	2	14	1524	1507	1423	1569	1751
06109	2	15	1137	1408	1408	1290	1381
06109	2	16	790	960	1177	1129	1049
06109	2	17	491	650	772	869	887
06109	2	18	376	512	655	746	910

06111	1	1	28766	32317	28829	28486	28240
06111	1	2	26945	29413	32396	28589	29021
06111	1	3	25175	28280	30955	33260	31101
06111	1	4	26234	25548	29404	32026	33293
06111	1	5	27846	23028	25222	28500	29943
06111	1	6	30402	27046	24999	25739	28272
06111	1	7	31926	31713	28557	25454	26121
06111	1	8	28799	31107	31791	29239	26391
06111	1	9	26140	28041	31767	31743	28839
06111	1	10	20027	24065	27426	31289	30822
06111	1	11	15690	18388	23899	26539	30020
06111	1	12	13075	13685	17221	22506	25145
06111	1	13	10981	10806	12662	15700	20701
06111	1	14	9389	9739	10219	11268	14267
06111	1	15	6999	8161	8306	8932	9872
06111	1	16	5055	5815	6844	7080	7768
06111	1	17	2851	3526	4294	5258	5503
06111	1	18	1696	2225	2965	3756	4914
06111	2	1	27507	30832	27461	27632	27179
06111	2	2	25797	28074	30794	27180	28218
06111	2	3	24039	27030	29615	31929	29449
06111	2	4	22990	22738	26592	29572	30995
06111	2	5	22991	19425	21597	25247	26504
06111	2	6	27499	24664	23379	23378	26068
06111	2	7	30251	30241	27392	25334	25360
06111	2	8	28526	30800	31717	28880	26951
06111	2	9	25839	28082	32022	32291	28909
06111	2	10	19776	24128	27975	32086	31838
06111	2	11	15195	18255	24322	27145	31186
06111	2	12	12764	13813	17890	23266	26302
06111	2	13	11925	11510	13366	16847	22032
06111	2	14	11508	11374	11278	12563	15770
06111	2	15	9149	10499	10554	10520	11809
06111	2	16	7408	8104	9585	9543	9672
06111	2	17	4900	5888	6815	7889	7969
06111	2	18	4057	5126	6396	7531	9262

06113	1	1	5685	6371	5634	6104	6412
06113	1	2	5210	5808	6276	5731	6185
06113	1	3	4614	5557	6382	6661	6558
06113	1	4	6388	6568	8269	9255	9295
06113	1	5	9355	8655	10216	13118	13245
06113	1	6	6503	6287	6264	5852	7590
06113	1	7	6023	6288	5822	6196	6564
06113	1	8	5427	5850	5932	5762	5901
06113	1	9	4634	5047	5729	6071	5950
06113	1	10	3444	4504	5482	5793	6055
06113	1	11	2663	3347	4587	5474	5917
06113	1	12	2441	2592	3257	4578	5432
06113	1	13	2272	2158	2411	3024	4355
06113	1	14	2101	2015	2009	2217	2915
06113	1	15	1534	1742	1752	1824	2003
06113	1	16	1096	1244	1470	1541	1564
06113	1	17	649	767	913	1071	1131
06113	1	18	429	517	647	831	1044
06113	2	1	5226	5949	5361	5770	6139
06113	2	2	5013	5502	5932	5482	6053
06113	2	3	4319	5170	5879	6359	6159
06113	2	4	6394	6797	9083	9752	9956
06113	2	5	9327	8826	11005	13895	14007
06113	2	6	6442	6084	5865	5886	7557
06113	2	7	5992	6246	5819	5998	6534
06113	2	8	5369	5966	6267	5809	5891
06113	2	9	4687	5221	6022	6433	6160
06113	2	10	3562	4683	5706	6228	6446
06113	2	11	2811	3499	4711	5680	6426
06113	2	12	2465	2675	3441	4635	5815
06113	2	13	2310	2247	2612	3359	4706
06113	2	14	2411	2323	2261	2588	3291
06113	2	15	1928	2100	2062	2176	2428
06113	2	16	1536	1683	2004	1879	1927
06113	2	17	1036	1229	1411	1730	1619
06113	2	18	918	1111	1342	1507	1960

06115	1	1	3161	3233	2537	2964	3216
06115	1	2	2905	2972	2718	2556	3094
06115	1	3	2337	2721	2809	2861	2828
06115	1	4	2097	2233	2626	2813	2822
06115	1	5	2421	2244	2437	2855	2797
06115	1	6	2667	2342	2052	2476	2715
06115	1	7	2406	2458	2060	2145	2563
06115	1	8	2126	2409	2337	2161	2189
06115	1	9	1745	1964	2149	2334	2302
06115	1	10	1313	1695	1918	2173	2432
06115	1	11	1140	1347	1626	2036	2351
06115	1	12	1136	1131	1234	1777	2083
06115	1	13	1070	1000	1030	1221	1716
06115	1	14	1032	994	940	966	1128
06115	1	15	772	819	737	844	856
06115	1	16	536	576	608	565	702
06115	1	17	299	326	344	401	364
06115	1	18	163	193	232	244	308
06115	2	1	3157	3166	2446	2717	3005
06115	2	2	2717	2785	2573	2491	2805
06115	2	3	2274	2576	2589	2732	2734
06115	2	4	1998	2047	2374	2562	2636
06115	2	5	2093	1914	2129	2622	2627
06115	2	6	2552	2208	1851	2406	2694
06115	2	7	2436	2399	1933	2008	2516
06115	2	8	2007	2288	2259	2071	2179
06115	2	9	1748	1996	2196	2254	2185
06115	2	10	1395	1750	1899	2301	2338
06115	2	11	1264	1446	1665	2020	2436
06115	2	12	1151	1196	1371	1773	2061
06115	2	13	1191	1110	1140	1316	1768
06115	2	14	1126	1083	1025	1074	1237
06115	2	15	855	963	898	870	991
06115	2	16	645	672	744	744	667
06115	2	17	399	462	498	510	581
06115	2	18	311	352	388	422	462
